0	0	0	0	0	0	0	0	0	0	0	0	0	0	0	0	0	0	0	0	0	0	0	0	0	0	0	0	0	0	0	0	0	0	0	0	0	0	0	0	0	0	0	0	0	0	0	0	0	0	0	0	0	0	0	0	0	0	0	0	0	0	0	0	0	0	0	0	0	0	0	0	0	0	0	0	0	0	0	0	0	0	0	0	0	0	0	0	0	0	0	0	0	0	0	0	0	0	0	0	0	0	0	0	0	0	0	0	0	0	0	0	0	0	0	0	0	0	0	0	0	0	0	0	0	0	0	0	0	0	0	0	0	0	0	0	0	0	0	0	0	0	0	0	0	0	0	0	0	0	0	0	0	0	0	0	0	0	0	0	0	0	0	0	0	0	0	0	0	0	0	0	0	0	0	0	0	0	0	0	0	0	0	0	0	0	0	0	0	0	0	0	0	0	0	0	0	0	0	0	0	0	0	0	0	0	0	0	0	0	0	0	0
0	0	0	0	0	0	0	0	0	0	0	0	0	0	0	0	0	0	0	0	0	0	0	0	0	0	0	0	0	0	0	0	0	0	0	0	0	0	0	0	0	0	0	0	0	0	0	0	0	0	0	0	0	0	0	0	0	0	0	0	0	0	0	0	0	0	0	0	0	0	0	0	0	0	0	0	0	0	0	0	0	0	0	0	0	0	0	0	0	0	0	0	0	0	0	0	0	0	0	0	0	0	0	0	0	0	0	0	0	0	0	0	0	0	0	0	0	0	0	0	0	0	0	0	0	0	0	0	0	0	0	0	0	0	0	0	0	0	0	0	0	0	0	0	0	0	0	0	0	0	0	0	0	0	0	0	0	0	0	0	0	0	0	0	0	0	0	0	0	0	0	0	0	0	0	0	0	0	0	0	0	0	0	0	0	0	0	0	0	0	12859	12925	12991	13057	13121	13184	13245	13305	13363	13419	13473	0	0	0	0	0	0	0	0	0	0	0	0
0	0	0	0	0	0	0	0	0	0	0	0	0	0	0	0	0	0	0	0	0	0	0	0	0	0	0	0	0	0	0	0	0	0	0	0	0	0	0	0	0	0	0	0	0	0	0	0	0	0	0	0	0	0	0	0	0	0	0	0	0	0	0	0	0	0	0	0	0	0	0	0	0	0	0	0	0	0	0	0	0	0	0	0	0	0	0	0	0	0	0	0	0	0	0	0	0	0	0	0	0	0	0	0	0	0	0	0	0	0	0	0	0	0	0	0	0	0	0	0	0	0	0	0	0	0	0	0	0	0	0	0	0	0	0	0	0	0	0	0	0	0	0	0	0	0	0	0	0	0	0	0	0	0	0	0	0	0	10680	10750	10820	10890	10961	11032	0	0	0	0	0	0	0	0	0	0	0	0	0	0	0	0	0	0	12321	12390	12458	12526	12593	12660	12727	12793	12860	12926	12992	13058	13122	13185	13246	13306	13364	13420	13474	13526	0	0	0	0	0	0	0	0	0	0	0
0	0	0	0	0	0	0	0	0	0	0	0	0	0	0	0	0	0	0	0	0	0	0	0	0	0	0	0	0	0	0	0	0	0	0	0	0	0	0	0	0	0	0	0	0	0	0	0	0	0	0	0	0	0	0	0	0	0	0	0	0	0	0	0	0	0	0	0	0	0	0	0	0	0	0	0	0	0	0	0	0	0	0	0	0	0	0	0	0	0	0	0	0	0	0	0	0	0	0	0	0	0	0	0	0	0	0	0	0	0	0	0	0	0	0	0	0	0	0	0	0	0	0	0	0	0	0	0	0	0	0	0	0	0	0	0	0	0	0	0	0	0	0	0	0	0	0	0	0	0	0	0	0	0	10404	10473	10542	10611	10681	10751	10821	10891	10962	11033	11103	0	0	0	0	0	0	0	0	0	0	0	0	0	0	0	12185	12253	12322	12391	12459	12527	12594	12661	12728	12794	12861	12927	12993	13059	13123	13186	13247	13307	13365	13421	13475	13527	13577	0	0	0	0	0	0	0	0	0	0
0	0	0	0	0	0	0	0	0	0	0	0	0	0	0	0	0	0	0	0	0	0	0	0	0	0	0	0	0	0	0	0	0	0	0	0	0	0	0	0	0	0	0	0	0	0	0	0	0	0	0	0	0	0	0	0	0	0	0	0	0	0	0	0	0	0	0	0	0	0	0	0	0	0	0	0	0	0	0	0	0	0	0	0	0	0	0	0	0	0	0	0	0	0	0	0	0	0	0	0	0	0	0	0	0	0	0	0	0	0	0	0	0	0	0	0	0	0	0	0	0	0	0	0	0	0	0	0	0	0	0	0	0	0	0	0	0	0	0	0	0	0	0	0	0	0	0	0	0	0	0	10222	10281	10340	10405	10474	10543	10612	10682	10752	10822	10892	10963	11034	11104	11173	0	0	0	0	0	0	0	0	0	0	0	0	12049	12117	12186	12254	12323	12392	12460	12528	12595	12662	12729	12795	12862	12928	12994	13060	13124	13187	13248	13308	13366	13422	13476	13528	13578	13625	13670	0	0	0	0	0	0	0	0
0	0	0	0	0	0	0	0	0	0	0	0	0	0	0	0	0	0	0	0	0	0	0	0	0	0	0	0	0	0	0	0	0	0	0	0	0	0	0	0	0	0	0	0	0	0	0	0	0	0	0	0	0	0	0	0	0	0	0	0	0	0	0	0	0	0	0	0	0	0	0	0	0	0	0	0	0	0	0	0	0	0	0	0	0	0	0	0	0	0	0	0	0	0	0	0	0	0	0	0	0	0	0	0	0	0	0	0	0	0	0	0	0	0	0	0	0	0	0	0	0	0	0	0	0	0	0	0	0	0	0	0	0	0	0	0	0	0	0	0	0	0	0	0	0	0	0	0	0	0	0	10223	10282	10341	10406	10475	10544	10613	10683	10753	10823	10893	10964	11035	11105	11174	11242	0	0	0	0	0	0	0	0	11845	11913	11981	12050	12118	12187	12255	12324	12393	12461	12529	12596	12663	12730	12796	12863	12929	12995	13061	13125	13188	13249	13309	13367	13423	13477	13529	13579	13626	13671	13714	0	0	0	0	0	0	0
0	0	0	0	0	0	0	0	0	0	0	0	0	0	0	0	0	0	0	0	0	0	0	0	0	0	0	0	0	0	0	0	0	0	0	0	0	0	0	0	0	0	0	0	0	0	0	0	0	0	0	0	0	0	0	0	0	0	0	0	0	0	0	0	0	0	0	0	0	0	0	0	0	0	0	0	0	0	0	0	0	0	0	0	0	0	0	0	0	0	0	0	0	0	0	0	0	0	0	0	0	0	0	0	0	0	0	0	0	0	0	0	0	0	0	0	0	0	0	0	0	0	0	0	0	0	0	0	0	0	0	0	0	0	0	0	0	0	0	0	0	0	0	0	0	0	0	0	0	0	10166	10224	10283	10342	10407	10476	10545	10614	10684	10754	10824	10894	10965	11036	11106	11175	11243	11310	0	0	0	0	0	11709	11777	11846	11914	11982	12051	12119	12188	12256	12325	12394	12462	12530	12597	12664	12731	12797	12864	12930	12996	13062	13126	13189	13250	13310	13368	13424	13478	13530	13580	13627	13672	13715	13755	0	0	0	0	0	0
0	0	0	0	0	0	0	0	0	0	0	0	0	0	0	0	0	0	0	0	0	0	0	0	0	0	0	0	0	0	0	0	0	0	0	0	0	0	0	0	0	0	0	0	0	0	0	0	0	0	0	0	0	0	0	0	0	0	0	0	0	0	0	0	0	0	0	0	0	0	0	0	0	0	0	0	0	0	0	0	0	0	0	0	0	0	0	0	0	0	0	0	0	0	0	0	0	0	0	0	0	0	0	0	0	0	0	0	0	0	0	0	0	0	0	0	0	0	0	0	0	0	0	0	0	0	0	0	0	0	0	0	0	0	0	0	0	0	0	0	0	0	0	0	0	0	0	0	0	10111	10167	10225	10284	10343	10408	10477	10546	10615	10685	10755	10825	10895	10966	11037	11107	11176	11244	11311	11377	0	0	11575	11642	11710	11778	11847	11915	11983	12052	12120	12189	12257	12326	12395	12463	12531	12598	12665	12732	12798	12865	12931	12997	13063	13127	13190	13251	13311	13369	13425	13479	13531	13581	13628	13673	13716	13756	13794	0	0	0	0	0
0	0	0	0	0	0	0	0	0	0	0	0	0	0	0	0	0	0	0	0	0	0	0	0	0	0	0	0	0	0	0	0	0	0	0	0	0	0	0	0	0	0	0	0	0	0	0	0	0	0	0	0	0	0	0	0	0	0	0	0	0	0	0	0	0	0	0	0	0	0	0	0	0	0	0	0	0	0	0	0	0	0	0	0	0	0	0	0	0	0	0	0	0	0	0	0	0	0	0	0	0	0	0	0	0	0	0	0	0	0	0	0	0	0	0	0	0	0	0	0	0	0	0	0	0	0	0	0	0	0	0	0	0	0	0	0	0	0	0	0	0	0	0	0	0	0	0	0	10057	10112	10168	10226	10285	10344	10409	10478	10547	10616	10686	10756	10826	10896	10967	11038	11108	11177	11245	11312	11378	11443	11509	11576	11643	11711	11779	11848	11916	11984	12053	12121	12190	12258	12327	12396	12464	12532	12599	12666	12733	12799	12866	12932	12998	13064	13128	13191	13252	13312	13370	13426	13480	13532	13582	13629	13674	13717	13757	13795	13829	0	0	0	0
0	0	0	0	0	0	0	0	0	0	0	0	0	0	0	0	0	0	0	0	0	0	0	0	0	0	0	0	0	0	0	0	0	0	0	0	0	0	0	0	0	0	0	0	0	0	0	0	0	0	0	0	0	0	0	0	0	0	0	0	0	0	0	0	0	0	0	0	0	0	0	0	0	0	0	0	0	0	0	0	0	0	0	0	0	0	0	0	0	0	0	0	0	0	0	0	0	0	0	0	0	0	0	0	0	0	0	0	0	0	0	0	0	0	0	0	0	0	0	0	0	0	0	0	0	0	0	0	0	0	0	0	0	0	0	0	0	0	0	0	0	0	0	0	0	0	0	10004	10058	10113	10169	10227	10286	10345	10410	10479	10548	10617	10687	10757	10827	10897	10968	11039	11109	11178	11246	11313	11379	11444	11510	11577	11644	11712	11780	11849	11917	11985	12054	12122	12191	12259	12328	12397	12465	12533	12600	12667	12734	12800	12867	12933	12999	13065	13129	13192	13253	13313	13371	13427	13481	13533	13583	13630	13675	13718	13758	13796	13830	13859	0	0	0
0	0	0	0	0	0	0	0	0	0	0	0	0	0	0	0	0	0	0	0	0	0	0	0	0	0	0	0	0	0	0	0	0	0	0	0	0	0	0	0	0	0	0	0	0	0	0	0	0	0	0	0	0	0	0	0	0	0	0	0	0	0	0	0	0	0	0	0	0	0	0	0	0	0	0	0	0	0	0	0	0	0	0	0	0	0	0	0	0	0	0	0	0	0	0	0	0	0	0	0	0	0	0	0	0	0	0	0	0	0	0	0	0	0	0	0	0	0	0	0	0	0	0	0	0	0	0	0	0	0	0	0	0	0	0	0	0	0	0	0	0	0	0	0	0	0	9953	10005	10059	10114	10170	10228	10287	10346	10411	10480	10549	10618	10688	10758	10828	10898	10969	11040	11110	11179	11247	11314	11380	11445	11511	11578	11645	11713	11781	11850	11918	11986	12055	12123	12192	12260	12329	12398	12466	12534	12601	12668	12735	12801	12868	12934	13000	13066	13130	13193	13254	13314	13372	13428	13482	13534	13584	13631	13676	13719	13759	13797	13831	13860	13884	0	0
0	0	0	0	0	0	0	0	0	0	0	0	0	0	0	0	0	0	0	0	0	0	0	0	0	0	0	0	0	0	0	0	0	0	0	0	0	0	0	0	0	0	0	0	0	0	0	0	0	0	0	0	0	0	0	0	0	0	0	0	0	0	0	0	0	0	0	0	0	0	0	0	0	0	0	0	0	0	0	0	0	0	0	0	0	0	0	0	0	0	0	0	0	0	0	0	0	0	0	0	0	0	0	0	0	0	0	0	0	0	0	0	0	0	0	0	0	0	0	0	0	0	0	0	0	0	0	0	0	0	0	0	0	0	0	0	0	0	0	0	0	0	0	0	0	9902	9954	10006	10060	10115	10171	10229	10288	10347	10412	10481	10550	10619	10689	10759	10829	10899	10970	11041	11111	11180	11248	11315	11381	11446	11512	11579	11646	11714	11782	11851	11919	11987	12056	12124	12193	12261	12330	12399	12467	12535	12602	12669	12736	12802	12869	12935	13001	13067	13131	13194	13255	13315	13373	13429	13483	13535	13585	13632	13677	13720	13760	13798	13832	13861	13885	13903	0
0	0	0	0	0	0	0	0	0	0	0	0	0	0	0	0	0	0	0	0	0	0	0	0	0	0	0	0	0	0	0	0	0	0	0	0	0	0	0	0	0	0	0	0	0	0	0	0	0	0	0	0	0	0	0	0	0	0	0	0	0	0	0	0	0	0	0	0	0	0	0	0	0	0	0	0	0	0	0	0	0	0	0	0	0	0	0	0	0	0	0	0	0	0	0	0	0	0	0	0	0	0	0	0	0	0	0	0	0	0	0	7586	7678	7770	0	0	8043	8134	8225	8316	8406	8496	0	0	0	0	0	0	0	0	0	0	0	0	0	0	0	0	0	0	0	0	0	0	9851	9903	9955	10007	10061	10116	10172	10230	10289	10348	10413	10482	10551	10620	10690	10760	10830	10900	10971	11042	11112	11181	11249	11316	11382	11447	11513	11580	11647	11715	11783	11852	11920	11988	12057	12125	12194	12262	12331	12400	12468	12536	12603	12670	12737	12803	12870	12936	13002	13068	13132	13195	13256	13316	13374	13430	13484	13536	13586	13633	13678	13721	13761	13799	13833	13862	13886	13904	0
0	0	0	0	0	0	0	0	0	0	0	0	0	0	0	0	0	0	0	0	0	0	0	0	0	0	0	0	0	0	0	0	0	0	0	0	0	0	0	0	0	0	0	0	0	0	0	0	0	0	0	0	0	0	0	0	0	0	0	0	0	0	0	0	0	0	0	0	0	0	0	0	0	0	0	0	0	0	0	0	0	0	0	0	0	0	0	0	0	0	0	0	0	0	0	0	6195	6288	6381	6474	6567	6660	6753	6846	6939	7032	7125	7218	7310	7402	7494	7587	7679	7771	7862	7953	8044	8135	8226	8317	8407	8497	8584	0	0	0	0	0	0	0	0	0	0	0	0	0	0	0	0	0	0	0	0	9801	9852	9904	9956	10008	10062	10117	10173	10231	10290	10349	10414	10483	10552	10621	10691	10761	10831	10901	10972	11043	11113	11182	11250	11317	11383	11448	11514	11581	11648	11716	11784	11853	11921	11989	12058	12126	12195	12263	12332	12401	12469	12537	12604	12671	12738	12804	12871	12937	13003	13069	13133	13196	13257	13317	13375	13431	13485	13537	13587	13634	13679	13722	13762	13800	13834	13863	13887	13905	0
0	0	0	0	0	0	0	0	0	0	0	0	0	0	0	0	0	0	0	0	0	0	0	0	0	0	0	0	0	0	0	0	0	0	0	0	0	0	0	0	0	0	0	0	0	0	0	0	0	0	0	0	0	0	0	0	0	0	0	0	0	0	0	0	0	0	0	0	0	0	0	0	0	0	0	0	0	0	0	0	0	0	0	0	0	0	0	0	0	0	0	0	5827	5919	6011	6103	6196	6289	6382	6475	6568	6661	6754	6847	6940	7033	7126	7219	7311	7403	7495	7588	7680	7772	7863	7954	8045	8136	8227	8318	8408	8498	8585	8670	8754	0	0	0	0	0	0	0	0	0	0	0	0	0	0	0	0	0	9751	9802	9853	9905	9957	10009	10063	10118	10174	10232	10291	10350	10415	10484	10553	10622	10692	10762	10832	10902	10973	11044	11114	11183	11251	11318	11384	11449	11515	11582	11649	11717	11785	11854	11922	11990	12059	12127	12196	12264	12333	12402	12470	12538	12605	12672	12739	12805	12872	12938	13004	13070	13134	13197	13258	13318	13376	13432	13486	13538	13588	13635	13680	13723	13763	13801	13835	13864	13888	13906	0
0	0	0	0	0	0	0	0	0	0	0	0	0	0	0	0	0	0	0	0	0	0	0	0	0	0	0	0	0	0	0	0	0	0	0	0	0	0	0	0	0	0	0	0	0	0	0	0	0	0	0	0	0	0	0	0	0	0	0	0	0	0	0	0	0	0	0	0	0	0	0	0	0	0	0	0	0	0	0	0	0	0	0	0	0	0	0	0	5463	5554	5645	5736	5828	5920	6012	6104	6197	6290	6383	6476	6569	6662	6755	6848	6941	7034	7127	7220	7312	7404	7496	7589	7681	7773	7864	7955	8046	8137	8228	8319	8409	8499	8586	8671	8755	8837	0	0	0	0	0	0	0	0	0	0	0	0	0	0	0	0	9752	9803	9854	9906	9958	10010	10064	10119	10175	10233	10292	10351	10416	10485	10554	10623	10693	10763	10833	10903	10974	11045	11115	11184	11252	11319	11385	11450	11516	11583	11650	11718	11786	11855	11923	11991	12060	12128	12197	12265	12334	12403	12471	12539	12606	12673	12740	12806	12873	12939	13005	13071	13135	13198	13259	13319	13377	13433	13487	13539	13589	13636	13681	13724	13764	13802	13836	13865	13889	13907	0
0	0	0	0	0	0	0	0	0	0	0	0	0	0	0	0	0	0	0	0	0	0	0	0	0	0	0	0	0	0	0	0	0	0	0	0	0	0	0	0	0	0	0	0	0	0	0	0	0	0	0	0	0	0	0	0	0	0	0	0	0	0	0	0	0	0	0	0	0	0	0	0	0	0	0	0	0	0	0	0	0	0	0	0	5103	5193	5283	5373	5464	5555	5646	5737	5829	5921	6013	6105	6198	6291	6384	6477	6570	6663	6756	6849	6942	7035	7128	7221	7313	7405	7497	7590	7682	7774	7865	7956	8047	8138	8229	8320	8410	8500	8587	8672	8756	8838	8919	0	0	0	0	0	0	0	0	0	0	0	0	0	0	9702	9753	9804	9855	9907	9959	10011	10065	10120	10176	10234	10293	10352	10417	10486	10555	10624	10694	10764	10834	10904	10975	11046	11116	11185	11253	11320	11386	11451	11517	11584	11651	11719	11787	11856	11924	11992	12061	12129	12198	12266	12335	12404	12472	12540	12607	12674	12741	12807	12874	12940	13006	13072	13136	13199	13260	13320	13378	13434	13488	13540	13590	13637	13682	13725	13765	13803	13837	13866	13890	13908	0
0	0	0	0	0	0	0	0	0	0	0	0	0	0	0	0	0	0	0	0	0	0	0	0	0	0	0	0	0	0	0	0	0	0	0	0	0	0	0	0	0	0	0	0	0	0	0	0	0	0	0	0	0	0	0	0	0	0	0	0	0	0	0	0	0	0	0	0	0	0	0	0	0	0	0	0	0	0	0	0	4747	4836	4925	5014	5104	5194	5284	5374	5465	5556	5647	5738	5830	5922	6014	6106	6199	6292	6385	6478	6571	6664	6757	6850	6943	7036	7129	7222	7314	7406	7498	7591	7683	7775	7866	7957	8048	8139	8230	8321	8411	8501	8588	8673	8757	8839	8920	8994	9062	0	0	0	0	0	0	0	0	0	0	0	9654	9703	9754	9805	9856	9908	9960	10012	10066	10121	10177	10235	10294	10353	10418	10487	10556	10625	10695	10765	10835	10905	10976	11047	11117	11186	11254	11321	11387	11452	11518	11585	11652	11720	11788	11857	11925	11993	12062	12130	12199	12267	12336	12405	12473	12541	12608	12675	12742	12808	12875	12941	13007	13073	13137	13200	13261	13321	13379	13435	13489	13541	13591	13638	13683	13726	13766	13804	13838	13867	13891	13909	0
0	0	0	0	0	0	0	0	0	0	0	0	0	0	0	0	0	0	0	0	0	0	0	0	0	0	0	0	0	0	0	0	0	0	0	0	0	0	0	0	0	0	0	0	0	0	0	0	0	0	0	0	0	0	0	0	0	0	0	0	0	0	0	0	0	0	0	0	0	0	0	0	0	0	0	0	0	4483	4571	4659	4748	4837	4926	5015	5105	5195	5285	5375	5466	5557	5648	5739	5831	5923	6015	6107	6200	6293	6386	6479	6572	6665	6758	6851	6944	7037	7130	7223	7315	7407	7499	7592	7684	7776	7867	7958	8049	8140	8231	8322	8412	8502	8589	8674	8758	8840	8921	8995	9063	9123	0	0	0	0	0	0	0	0	0	9606	9655	9704	9755	9806	9857	9909	9961	10013	10067	10122	10178	10236	10295	10354	10419	10488	10557	10626	10696	10766	10836	10906	10977	11048	11118	11187	11255	11322	11388	11453	11519	11586	11653	11721	11789	11858	11926	11994	12063	12131	12200	12268	12337	12406	12474	12542	12609	12676	12743	12809	12876	12942	13008	13074	13138	13201	13262	13322	13380	13436	13490	13542	13592	13639	13684	13727	13767	13805	13839	13868	13892	13910	0
0	0	0	0	0	0	0	0	0	0	0	0	0	0	0	0	0	0	0	0	0	0	0	0	0	0	0	0	0	0	0	0	0	0	0	0	0	0	0	0	0	0	0	0	0	0	0	0	0	0	0	0	0	0	0	0	0	0	0	0	0	0	0	0	0	0	0	0	0	0	0	0	0	0	0	4309	4396	4484	4572	4660	4749	4838	4927	5016	5106	5196	5286	5376	5467	5558	5649	5740	5832	5924	6016	6108	6201	6294	6387	6480	6573	6666	6759	6852	6945	7038	7131	7224	7316	7408	7500	7593	7685	7777	7868	7959	8050	8141	8232	8323	8413	8503	8590	8675	8759	8841	8922	8996	9064	9124	9176	0	0	0	0	0	0	0	9559	9607	9656	9705	9756	9807	9858	9910	9962	10014	10068	10123	10179	10237	10296	10355	10420	10489	10558	10627	10697	10767	10837	10907	10978	11049	11119	11188	11256	11323	11389	11454	11520	11587	11654	11722	11790	11859	11927	11995	12064	12132	12201	12269	12338	12407	12475	12543	12610	12677	12744	12810	12877	12943	13009	13075	13139	13202	13263	13323	13381	13437	13491	13543	13593	13640	13685	13728	13768	13806	13840	13869	13893	13911	0
0	0	0	0	0	0	0	0	0	0	0	0	0	0	0	0	0	0	0	0	0	0	0	0	0	0	0	0	0	0	0	0	0	0	0	0	0	0	0	0	0	0	0	0	0	0	0	0	0	0	0	0	0	0	0	0	0	0	0	0	0	0	0	0	0	0	0	0	0	0	0	0	0	4137	4223	4310	4397	4485	4573	4661	4750	4839	4928	5017	5107	5197	5287	5377	5468	5559	5650	5741	5833	5925	6017	6109	6202	6295	6388	6481	6574	6667	6760	6853	6946	7039	7132	7225	7317	7409	7501	7594	7686	7778	7869	7960	8051	8142	8233	8324	8414	8504	8591	8676	8760	8842	8923	8997	9065	9125	9177	9226	9275	0	0	0	0	0	9560	9608	9657	9706	9757	9808	9859	9911	9963	10015	10069	10124	10180	10238	10297	10356	10421	10490	10559	10628	10698	10768	10838	10908	10979	11050	11120	11189	11257	11324	11390	11455	11521	11588	11655	11723	11791	11860	11928	11996	12065	12133	12202	12270	12339	12408	12476	12544	12611	12678	12745	12811	12878	12944	13010	13076	13140	13203	13264	13324	13382	13438	13492	13544	13594	13641	13686	13729	13769	13807	13841	13870	13894	13912	0
0	0	0	0	0	0	0	0	0	0	0	0	0	0	0	0	0	0	0	0	0	0	0	0	0	0	0	0	0	0	0	0	0	0	0	0	0	0	0	0	0	0	0	0	0	0	0	0	0	0	0	0	0	0	0	0	0	0	0	0	0	0	0	0	0	0	0	0	0	0	0	3968	4052	4138	4224	4311	4398	4486	4574	4662	4751	4840	4929	5018	5108	5198	5288	5378	5469	5560	5651	5742	5834	5926	6018	6110	6203	6296	6389	6482	6575	6668	6761	6854	6947	7040	7133	7226	7318	7410	7502	7595	7687	7779	7870	7961	8052	8143	8234	8325	8415	8505	8592	8677	8761	8843	8924	8998	9066	9126	9178	9227	9276	9324	0	9419	9466	9513	9561	9609	9658	9707	9758	9809	9860	9912	9964	10016	10070	10125	10181	10239	10298	10357	10422	10491	10560	10629	10699	10769	10839	10909	10980	11051	11121	11190	11258	11325	11391	11456	11522	11589	11656	11724	11792	11861	11929	11997	12066	12134	12203	12271	12340	12409	12477	12545	12612	12679	12746	12812	12879	12945	13011	13077	13141	13204	13265	13325	13383	13439	13493	13545	13595	13642	13687	13730	13770	13808	13842	13871	13895	13913	0
0	0	0	0	0	0	0	0	0	0	0	0	0	0	0	0	0	0	0	0	0	0	0	0	0	0	0	0	0	0	0	0	0	0	0	0	0	0	0	0	0	0	0	0	0	0	0	0	0	0	0	0	0	0	0	0	0	0	0	0	0	0	0	0	0	0	0	0	0	0	3885	3969	4053	4139	4225	4312	4399	4487	4575	4663	4752	4841	4930	5019	5109	5199	5289	5379	5470	5561	5652	5743	5835	5927	6019	6111	6204	6297	6390	6483	6576	6669	6762	6855	6948	7041	7134	7227	7319	7411	7503	7596	7688	7780	7871	7962	8053	8144	8235	8326	8416	8506	8593	8678	8762	8844	8925	8999	9067	9127	9179	9228	9277	9325	9372	9420	9467	9514	9562	9610	9659	9708	9759	9810	9861	9913	9965	10017	10071	10126	10182	10240	10299	10358	10423	10492	10561	10630	10700	10770	10840	10910	10981	11052	11122	11191	11259	11326	11392	11457	11523	11590	11657	11725	11793	11862	11930	11998	12067	12135	12204	12272	12341	12410	12478	12546	12613	12680	12747	12813	12880	12946	13012	13078	13142	13205	13266	13326	13384	13440	13494	13546	13596	13643	13688	13731	13771	13809	13843	13872	13896	13914	0
0	0	0	0	0	0	0	0	0	0	0	0	0	0	0	0	0	0	0	0	0	0	0	0	0	0	0	0	0	0	0	0	0	0	0	0	0	0	0	0	0	0	0	0	0	0	0	0	0	0	0	0	0	0	0	0	0	0	0	0	0	0	0	0	0	0	0	0	3721	3803	3886	3970	4054	4140	4226	4313	4400	4488	4576	4664	4753	4842	4931	5020	5110	5200	5290	5380	5471	5562	5653	5744	5836	5928	6020	6112	6205	6298	6391	6484	6577	6670	6763	6856	6949	7042	7135	7228	7320	7412	7504	7597	7689	7781	7872	7963	8054	8145	8236	8327	8417	8507	8594	8679	8763	8845	8926	9000	9068	9128	9180	9229	9278	9326	9373	9421	9468	9515	9563	9611	9660	9709	9760	9811	9862	9914	9966	10018	10072	10127	10183	10241	10300	10359	10424	10493	10562	10631	10701	10771	10841	10911	10982	11053	11123	11192	11260	11327	11393	11458	11524	11591	11658	11726	11794	11863	11931	11999	12068	12136	12205	12273	12342	12411	12479	12547	12614	12681	12748	12814	12881	12947	13013	13079	13143	13206	13267	13327	13385	13441	13495	13547	13597	13644	13689	13732	13772	13810	13844	13873	13897	13915	0
0	0	0	0	0	0	0	0	0	0	0	0	0	0	0	0	0	0	0	0	0	0	0	0	0	0	0	0	0	0	0	0	0	0	0	0	0	0	0	0	0	0	0	0	0	0	0	0	0	0	0	0	0	0	0	0	0	0	0	0	0	0	0	0	0	0	3559	3640	3722	3804	3887	3971	4055	4141	4227	4314	4401	4489	4577	4665	4754	4843	4932	5021	5111	5201	5291	5381	5472	5563	5654	5745	5837	5929	6021	6113	6206	6299	6392	6485	6578	6671	6764	6857	6950	7043	7136	7229	7321	7413	7505	7598	7690	7782	7873	7964	8055	8146	8237	8328	8418	8508	8595	8680	8764	8846	8927	9001	9069	9129	9181	9230	9279	9327	9374	9422	9469	9516	9564	9612	9661	9710	9761	9812	9863	9915	9967	10019	10073	10128	10184	10242	10301	10360	10425	10494	10563	10632	10702	10772	10842	10912	10983	11054	11124	11193	11261	11328	11394	11459	11525	11592	11659	11727	11795	11864	11932	12000	12069	12137	12206	12274	12343	12412	12480	12548	12615	12682	12749	12815	12882	12948	13014	13080	13144	13207	13268	13328	13386	13442	13496	13548	13598	13645	13690	13733	13773	13811	13845	13874	13898	13916	0
0	0	0	0	0	0	0	0	0	0	0	0	0	0	0	0	0	0	0	0	0	0	0	0	0	0	0	0	0	0	0	0	0	0	0	0	0	0	0	0	0	0	0	0	0	0	0	0	0	0	0	0	0	0	0	0	0	0	0	0	0	0	0	0	0	3479	3560	3641	3723	3805	3888	3972	4056	4142	4228	4315	4402	4490	4578	4666	4755	4844	4933	5022	5112	5202	5292	5382	5473	5564	5655	5746	5838	5930	6022	6114	6207	6300	6393	6486	6579	6672	6765	6858	6951	7044	7137	7230	7322	7414	7506	7599	7691	7783	7874	7965	8056	8147	8238	8329	8419	8509	8596	8681	8765	8847	8928	9002	9070	9130	9182	9231	9280	9328	9375	9423	9470	9517	9565	9613	9662	9711	9762	9813	9864	9916	9968	10020	10074	10129	10185	10243	10302	10361	10426	10495	10564	10633	10703	10773	10843	10913	10984	11055	11125	11194	11262	11329	11395	11460	11526	11593	11660	11728	11796	11865	11933	12001	12070	12138	12207	12275	12344	12413	12481	12549	12616	12683	12750	12816	12883	12949	13015	13081	13145	13208	13269	13329	13387	13443	13497	13549	13599	13646	13691	13734	13774	13812	13846	13875	13899	0	0
0	0	0	0	0	0	0	0	0	0	0	0	0	0	0	0	0	0	0	0	0	0	0	0	0	0	0	0	0	0	0	0	0	0	0	0	0	0	0	0	0	0	0	0	0	0	0	0	0	0	0	0	0	0	0	0	0	0	0	0	0	0	0	3323	3401	3480	3561	3642	3724	3806	3889	3973	4057	4143	4229	4316	4403	4491	4579	4667	4756	4845	4934	5023	5113	5203	5293	5383	5474	5565	5656	5747	5839	5931	6023	6115	6208	6301	6394	6487	6580	6673	6766	6859	6952	7045	7138	7231	7323	7415	7507	7600	7692	7784	7875	7966	8057	8148	8239	8330	8420	8510	8597	8682	8766	8848	8929	9003	9071	9131	9183	9232	9281	9329	9376	9424	9471	9518	9566	9614	9663	9712	9763	9814	9865	9917	9969	10021	10075	10130	10186	10244	10303	10362	10427	10496	10565	10634	10704	10774	10844	10914	10985	11056	11126	11195	11263	11330	11396	11461	11527	11594	11661	11729	11797	11866	11934	12002	12071	12139	12208	12276	12345	12414	12482	12550	12617	12684	12751	12817	12884	12950	13016	13082	13146	13209	13270	13330	13388	13444	13498	13550	13600	13647	13692	13735	13775	13813	13847	13876	13900	0	0
0	0	0	0	0	0	0	0	0	0	0	0	0	0	0	0	0	0	0	0	0	0	0	0	0	0	0	0	0	0	0	0	0	0	0	0	0	0	0	0	0	0	0	0	0	0	0	0	0	0	0	0	0	0	0	0	0	0	0	0	0	3169	3246	3324	3402	3481	3562	3643	3725	3807	3890	3974	4058	4144	4230	4317	4404	4492	4580	4668	4757	4846	4935	5024	5114	5204	5294	5384	5475	5566	5657	5748	5840	5932	6024	6116	6209	6302	6395	6488	6581	6674	6767	6860	6953	7046	7139	7232	7324	7416	7508	7601	7693	7785	7876	7967	8058	8149	8240	8331	8421	8511	8598	8683	8767	8849	8930	9004	9072	9132	9184	9233	9282	9330	9377	9425	9472	9519	9567	9615	9664	9713	9764	9815	9866	9918	9970	10022	10076	10131	10187	10245	10304	10363	10428	10497	10566	10635	10705	10775	10845	10915	10986	11057	11127	11196	11264	11331	11397	11462	11528	11595	11662	11730	11798	11867	11935	12003	12072	12140	12209	12277	12346	12415	12483	12551	12618	12685	12752	12818	12885	12951	13017	13083	13147	13210	13271	13331	13389	13445	13499	13551	13601	13648	13693	13736	13776	13814	13848	13877	13901	0	0
0	0	0	0	0	0	0	0	0	0	0	0	0	0	0	0	0	0	0	0	0	0	0	0	0	0	0	0	0	0	0	0	0	0	0	0	0	0	0	0	0	0	0	0	0	0	0	0	0	0	0	0	0	0	0	0	0	0	0	0	0	3170	3247	3325	3403	3482	3563	3644	3726	3808	3891	3975	4059	4145	4231	4318	4405	4493	4581	4669	4758	4847	4936	5025	5115	5205	5295	5385	5476	5567	5658	5749	5841	5933	6025	6117	6210	6303	6396	6489	6582	6675	6768	6861	6954	7047	7140	7233	7325	7417	7509	7602	7694	7786	7877	7968	8059	8150	8241	8332	8422	8512	8599	8684	8768	8850	8931	9005	9073	9133	9185	9234	9283	9331	9378	9426	9473	9520	9568	9616	9665	9714	9765	9816	9867	9919	9971	10023	10077	10132	10188	10246	10305	10364	10429	10498	10567	10636	10706	10776	10846	10916	10987	11058	11128	11197	11265	11332	11398	11463	11529	11596	11663	11731	11799	11868	11936	12004	12073	12141	12210	12278	12347	12416	12484	12552	12619	12686	12753	12819	12886	12952	13018	13084	13148	13211	13272	13332	13390	13446	13500	13552	13602	13649	13694	13737	13777	13815	13849	13878	13902	0	0
0	0	0	0	0	0	0	0	0	0	0	0	0	0	0	0	0	0	0	0	0	0	0	0	0	0	0	0	0	0	0	0	0	0	0	0	0	0	0	0	0	0	0	0	0	0	0	0	0	0	0	0	0	0	0	0	0	0	0	0	3094	3171	3248	3326	3404	3483	3564	3645	3727	3809	3892	3976	4060	4146	4232	4319	4406	4494	4582	4670	4759	4848	4937	5026	5116	5206	5296	5386	5477	5568	5659	5750	5842	5934	6026	6118	6211	6304	6397	6490	6583	6676	6769	6862	6955	7048	7141	7234	7326	7418	7510	7603	7695	7787	7878	7969	8060	8151	8242	8333	8423	8513	8600	8685	8769	8851	8932	9006	9074	9134	9186	9235	9284	9332	9379	9427	9474	9521	9569	9617	9666	9715	9766	9817	9868	9920	9972	10024	10078	10133	10189	10247	10306	10365	10430	10499	10568	10637	10707	10777	10847	10917	10988	11059	11129	11198	11266	11333	11399	11464	11530	11597	11664	11732	11800	11869	11937	12005	12074	12142	12211	12279	12348	12417	12485	12553	12620	12687	12754	12820	12887	12953	13019	13085	13149	13212	13273	13333	13391	13447	13501	13553	13603	13650	13695	13738	13778	13816	13850	13879	0	0	0
0	0	0	0	0	0	0	0	0	0	0	0	0	0	0	0	0	0	0	0	0	0	0	0	0	0	0	0	0	0	0	0	0	0	0	0	0	0	0	0	0	0	0	0	0	0	0	0	0	0	0	0	0	0	0	0	0	0	0	0	3095	3172	3249	3327	3405	3484	3565	3646	3728	3810	3893	3977	4061	4147	4233	4320	4407	4495	4583	4671	4760	4849	4938	5027	5117	5207	5297	5387	5478	5569	5660	5751	5843	5935	6027	6119	6212	6305	6398	6491	6584	6677	6770	6863	6956	7049	7142	7235	7327	7419	7511	7604	7696	7788	7879	7970	8061	8152	8243	8334	8424	8514	8601	8686	8770	8852	8933	9007	9075	9135	9187	9236	9285	9333	9380	9428	9475	9522	9570	9618	9667	9716	9767	9818	9869	9921	9973	10025	10079	10134	10190	10248	10307	10366	10431	10500	10569	10638	10708	10778	10848	10918	10989	11060	11130	11199	11267	11334	11400	11465	11531	11598	11665	11733	11801	11870	11938	12006	12075	12143	12212	12280	12349	12418	12486	12554	12621	12688	12755	12821	12888	12954	13020	13086	13150	13213	13274	13334	13392	13448	13502	13554	13604	13651	13696	13739	13779	13817	13851	13880	0	0	0
0	0	0	0	0	0	0	0	0	0	0	0	0	0	0	0	0	0	0	0	0	0	0	0	0	0	0	0	0	0	0	0	0	0	0	0	0	0	0	0	0	0	0	0	0	0	0	0	0	0	0	0	0	0	0	0	0	0	0	3021	3096	3173	3250	3328	3406	3485	3566	3647	3729	3811	3894	3978	4062	4148	4234	4321	4408	4496	4584	4672	4761	4850	4939	5028	5118	5208	5298	5388	5479	5570	5661	5752	5844	5936	6028	6120	6213	6306	6399	6492	6585	6678	6771	6864	6957	7050	7143	7236	7328	7420	7512	7605	7697	7789	7880	7971	8062	8153	8244	8335	8425	8515	8602	8687	8771	8853	8934	9008	9076	9136	9188	9237	9286	9334	9381	9429	9476	9523	9571	9619	9668	9717	9768	9819	9870	9922	9974	10026	10080	10135	10191	10249	10308	10367	10432	10501	10570	10639	10709	10779	10849	10919	10990	11061	11131	11200	11268	11335	11401	11466	11532	11599	11666	11734	11802	11871	11939	12007	12076	12144	12213	12281	12350	12419	12487	12555	12622	12689	12756	12822	12889	12955	13021	13087	13151	13214	13275	13335	13393	13449	13503	13555	13605	13652	13697	13740	13780	13818	13852	13881	0	0	0
0	0	0	0	0	0	0	0	0	0	0	0	0	0	0	0	0	0	0	0	0	0	0	0	0	0	0	0	0	0	0	0	0	0	0	0	0	0	0	0	0	0	0	0	0	0	0	0	0	0	0	0	0	0	0	0	0	0	0	3022	3097	3174	3251	3329	3407	3486	3567	3648	3730	3812	3895	3979	4063	4149	4235	4322	4409	4497	4585	4673	4762	4851	4940	5029	5119	5209	5299	5389	5480	5571	5662	5753	5845	5937	6029	6121	6214	6307	6400	6493	6586	6679	6772	6865	6958	7051	7144	7237	7329	7421	7513	7606	7698	7790	7881	7972	8063	8154	8245	8336	8426	8516	8603	8688	8772	8854	8935	9009	9077	9137	9189	9238	9287	9335	9382	9430	9477	9524	9572	9620	9669	9718	9769	9820	9871	9923	9975	10027	10081	10136	10192	10250	10309	10368	10433	10502	10571	10640	10710	10780	10850	10920	10991	11062	11132	11201	11269	11336	11402	11467	11533	11600	11667	11735	11803	11872	11940	12008	12077	12145	12214	12282	12351	12420	12488	12556	12623	12690	12757	12823	12890	12956	13022	13088	13152	13215	13276	13336	13394	13450	13504	13556	13606	13653	13698	13741	13781	13819	13853	13882	0	0	0
0	0	0	0	0	0	0	0	0	0	0	0	0	0	0	0	0	0	0	0	0	0	0	0	0	0	0	0	0	0	0	0	0	0	0	0	0	0	0	0	0	0	0	0	0	0	0	0	0	0	0	0	0	0	0	0	0	0	2950	3023	3098	3175	3252	3330	3408	3487	3568	3649	3731	3813	3896	3980	4064	4150	4236	4323	4410	4498	4586	4674	4763	4852	4941	5030	5120	5210	5300	5390	5481	5572	5663	5754	5846	5938	6030	6122	6215	6308	6401	6494	6587	6680	6773	6866	6959	7052	7145	7238	7330	7422	7514	7607	7699	7791	7882	7973	8064	8155	8246	8337	8427	8517	8604	8689	8773	8855	8936	9010	9078	9138	9190	9239	9288	9336	9383	9431	9478	9525	9573	9621	9670	9719	9770	9821	9872	9924	9976	10028	10082	10137	10193	10251	10310	10369	10434	10503	10572	10641	10711	10781	10851	10921	10992	11063	11133	11202	11270	11337	11403	11468	11534	11601	11668	11736	11804	11873	11941	12009	12078	12146	12215	12283	12352	12421	12489	12557	12624	12691	12758	12824	12891	12957	13023	13089	13153	13216	13277	13337	13395	13451	13505	13557	13607	13654	13699	13742	13782	13820	13854	13883	0	0	0
0	0	0	0	0	0	0	0	0	0	0	0	0	0	0	0	0	0	0	0	0	0	0	0	0	0	0	0	0	0	0	0	0	0	0	0	0	0	0	0	0	0	0	0	0	0	0	0	0	0	0	0	0	0	0	0	0	0	2951	3024	3099	3176	3253	3331	3409	3488	3569	3650	3732	3814	3897	3981	4065	4151	4237	4324	4411	4499	4587	4675	4764	4853	4942	5031	5121	5211	5301	5391	5482	5573	5664	5755	5847	5939	6031	6123	6216	6309	6402	6495	6588	6681	6774	6867	6960	7053	7146	7239	7331	7423	7515	7608	7700	7792	7883	7974	8065	8156	8247	8338	8428	8518	8605	8690	8774	8856	8937	9011	9079	9139	9191	9240	9289	9337	9384	9432	9479	9526	9574	9622	9671	9720	9771	9822	9873	9925	9977	10029	10083	10138	10194	10252	10311	10370	10435	10504	10573	10642	10712	10782	10852	10922	10993	11064	11134	11203	11271	11338	11404	11469	11535	11602	11669	11737	11805	11874	11942	12010	12079	12147	12216	12284	12353	12422	12490	12558	12625	12692	12759	12825	12892	12958	13024	13090	13154	13217	13278	13338	13396	13452	13506	13558	13608	13655	13700	13743	13783	13821	13855	0	0	0	0
0	0	0	0	0	0	0	0	0	0	0	0	0	0	0	0	0	0	0	0	0	0	0	0	0	0	0	0	0	0	0	0	0	0	0	0	0	0	0	0	0	0	0	0	0	0	0	0	0	0	0	0	0	0	0	0	0	2882	2952	3025	3100	3177	3254	3332	3410	3489	3570	3651	3733	3815	3898	3982	4066	4152	4238	4325	4412	4500	4588	4676	4765	4854	4943	5032	5122	5212	5302	5392	5483	5574	5665	5756	5848	5940	6032	6124	6217	6310	6403	6496	6589	6682	6775	6868	6961	7054	7147	7240	7332	7424	7516	7609	7701	7793	7884	7975	8066	8157	8248	8339	8429	8519	8606	8691	8775	8857	8938	9012	9080	9140	9192	9241	9290	9338	9385	9433	9480	9527	9575	9623	9672	9721	9772	9823	9874	9926	9978	10030	10084	10139	10195	10253	10312	10371	10436	10505	10574	10643	10713	10783	10853	10923	10994	11065	11135	11204	11272	11339	11405	11470	11536	11603	11670	11738	11806	11875	11943	12011	12080	12148	12217	12285	12354	12423	12491	12559	12626	12693	12760	12826	12893	12959	13025	13091	13155	13218	13279	13339	13397	13453	13507	13559	13609	13656	13701	13744	13784	13822	13856	0	0	0	0
0	0	0	0	0	0	0	0	0	0	0	0	0	0	0	0	0	0	0	0	0	0	0	0	0	0	0	0	0	0	0	0	0	0	0	0	0	0	0	0	0	0	0	0	0	0	0	0	0	0	0	0	0	0	0	0	0	2883	2953	3026	3101	3178	3255	3333	3411	3490	3571	3652	3734	3816	3899	3983	4067	4153	4239	4326	4413	4501	4589	4677	4766	4855	4944	5033	5123	5213	5303	5393	5484	5575	5666	5757	5849	5941	6033	6125	6218	6311	6404	6497	6590	6683	6776	6869	6962	7055	7148	7241	7333	7425	7517	7610	7702	7794	7885	7976	8067	8158	8249	8340	8430	8520	8607	8692	8776	8858	8939	9013	9081	9141	9193	9242	9291	9339	9386	9434	9481	9528	9576	9624	9673	9722	9773	9824	9875	9927	9979	10031	10085	10140	10196	10254	10313	10372	10437	10506	10575	10644	10714	10784	10854	10924	10995	11066	11136	11205	11273	11340	11406	11471	11537	11604	11671	11739	11807	11876	11944	12012	12081	12149	12218	12286	12355	12424	12492	12560	12627	12694	12761	12827	12894	12960	13026	13092	13156	13219	13280	13340	13398	13454	13508	13560	13610	13657	13702	13745	13785	13823	13857	0	0	0	0
0	0	0	0	0	0	0	0	0	0	0	0	0	0	0	0	0	0	0	0	0	0	0	0	0	0	0	0	0	0	0	0	0	0	0	0	0	0	0	0	0	0	0	0	0	0	0	0	0	0	0	0	0	0	0	0	2816	2884	2954	3027	3102	3179	3256	3334	3412	3491	3572	3653	3735	3817	3900	3984	4068	4154	4240	4327	4414	4502	4590	4678	4767	4856	4945	5034	5124	5214	5304	5394	5485	5576	5667	5758	5850	5942	6034	6126	6219	6312	6405	6498	6591	6684	6777	6870	6963	7056	7149	7242	7334	7426	7518	7611	7703	7795	7886	7977	8068	8159	8250	8341	8431	8521	8608	8693	8777	8859	8940	9014	9082	9142	9194	9243	9292	9340	9387	9435	9482	9529	9577	9625	9674	9723	9774	9825	9876	9928	9980	10032	10086	10141	10197	10255	10314	10373	10438	10507	10576	10645	10715	10785	10855	10925	10996	11067	11137	11206	11274	11341	11407	11472	11538	11605	11672	11740	11808	11877	11945	12013	12082	12150	12219	12287	12356	12425	12493	12561	12628	12695	12762	12828	12895	12961	13027	13093	13157	13220	13281	13341	13399	13455	13509	13561	13611	13658	13703	13746	13786	13824	13858	0	0	0	0
0	0	0	0	0	0	0	0	0	0	0	0	0	0	0	0	0	0	0	0	0	0	0	0	0	0	0	0	0	0	0	0	0	0	0	0	0	0	0	0	0	0	0	0	0	0	0	0	0	0	0	0	0	0	0	0	2817	2885	2955	3028	3103	3180	3257	3335	3413	3492	3573	3654	3736	3818	3901	3985	4069	4155	4241	4328	4415	4503	4591	4679	4768	4857	4946	5035	5125	5215	5305	5395	5486	5577	5668	5759	5851	5943	6035	6127	6220	6313	6406	6499	6592	6685	6778	6871	6964	7057	7150	7243	7335	7427	7519	7612	7704	7796	7887	7978	8069	8160	8251	8342	8432	8522	8609	8694	8778	8860	8941	9015	9083	9143	9195	9244	9293	9341	9388	9436	9483	9530	9578	9626	9675	9724	9775	9826	9877	9929	9981	10033	10087	10142	10198	10256	10315	10374	10439	10508	10577	10646	10716	10786	10856	10926	10997	11068	11138	11207	11275	11342	11408	11473	11539	11606	11673	11741	11809	11878	11946	12014	12083	12151	12220	12288	12357	12426	12494	12562	12629	12696	12763	12829	12896	12962	13028	13094	13158	13221	13282	13342	13400	13456	13510	13562	13612	13659	13704	13747	13787	13825	0	0	0	0	0
0	0	0	0	0	0	0	0	0	0	0	0	0	0	0	0	0	0	0	0	0	0	0	0	0	0	0	0	0	0	0	0	0	0	0	0	0	0	0	0	0	0	0	0	0	0	0	0	0	0	0	0	0	0	2691	2753	2818	2886	2956	3029	3104	3181	3258	3336	3414	3493	3574	3655	3737	3819	3902	3986	4070	4156	4242	4329	4416	4504	4592	4680	4769	4858	4947	5036	5126	5216	5306	5396	5487	5578	5669	5760	5852	5944	6036	6128	6221	6314	6407	6500	6593	6686	6779	6872	6965	7058	7151	7244	7336	7428	7520	7613	7705	7797	7888	7979	8070	8161	8252	8343	8433	8523	8610	8695	8779	8861	8942	9016	9084	9144	9196	9245	9294	9342	9389	9437	9484	9531	9579	9627	9676	9725	9776	9827	9878	9930	9982	10034	10088	10143	10199	10257	10316	10375	10440	10509	10578	10647	10717	10787	10857	10927	10998	11069	11139	11208	11276	11343	11409	11474	11540	11607	11674	11742	11810	11879	11947	12015	12084	12152	12221	12289	12358	12427	12495	12563	12630	12697	12764	12830	12897	12963	13029	13095	13159	13222	13283	13343	13401	13457	13511	13563	13613	13660	13705	13748	13788	13826	0	0	0	0	0
0	0	0	0	0	0	0	0	0	0	0	0	0	0	0	0	0	0	0	0	0	0	0	0	0	0	0	0	0	0	0	0	0	0	0	0	0	0	0	0	0	0	0	0	0	0	0	0	0	0	0	0	0	2631	2692	2754	2819	2887	2957	3030	3105	3182	3259	3337	3415	3494	3575	3656	3738	3820	3903	3987	4071	4157	4243	4330	4417	4505	4593	4681	4770	4859	4948	5037	5127	5217	5307	5397	5488	5579	5670	5761	5853	5945	6037	6129	6222	6315	6408	6501	6594	6687	6780	6873	6966	7059	7152	7245	7337	7429	7521	7614	7706	7798	7889	7980	8071	8162	8253	8344	8434	8524	8611	8696	8780	8862	8943	9017	9085	9145	9197	9246	9295	9343	9390	9438	9485	9532	9580	9628	9677	9726	9777	9828	9879	9931	9983	10035	10089	10144	10200	10258	10317	10376	10441	10510	10579	10648	10718	10788	10858	10928	10999	11070	11140	11209	11277	11344	11410	11475	11541	11608	11675	11743	11811	11880	11948	12016	12085	12153	12222	12290	12359	12428	12496	12564	12631	12698	12765	12831	12898	12964	13030	13096	13160	13223	13284	13344	13402	13458	13512	13564	13614	13661	13706	13749	13789	13827	0	0	0	0	0
0	0	0	0	0	0	0	0	0	0	0	0	0	0	0	0	0	0	0	0	0	0	0	0	0	0	0	0	0	0	0	0	0	0	0	0	0	0	0	0	0	0	0	0	0	0	0	0	0	0	0	0	2573	2632	2693	2755	2820	2888	2958	3031	3106	3183	3260	3338	3416	3495	3576	3657	3739	3821	3904	3988	4072	4158	4244	4331	4418	4506	4594	4682	4771	4860	4949	5038	5128	5218	5308	5398	5489	5580	5671	5762	5854	5946	6038	6130	6223	6316	6409	6502	6595	6688	6781	6874	6967	7060	7153	7246	7338	7430	7522	7615	7707	7799	7890	7981	8072	8163	8254	8345	8435	8525	8612	8697	8781	8863	8944	9018	9086	9146	9198	9247	9296	9344	9391	9439	9486	9533	9581	9629	9678	9727	9778	9829	9880	9932	9984	10036	10090	10145	10201	10259	10318	10377	10442	10511	10580	10649	10719	10789	10859	10929	11000	11071	11141	11210	11278	11345	11411	11476	11542	11609	11676	11744	11812	11881	11949	12017	12086	12154	12223	12291	12360	12429	12497	12565	12632	12699	12766	12832	12899	12965	13031	13097	13161	13224	13285	13345	13403	13459	13513	13565	13615	13662	13707	13750	13790	13828	0	0	0	0	0
0	0	0	0	0	0	0	0	0	0	0	0	0	0	0	0	0	0	0	0	0	0	0	0	0	0	0	0	0	0	0	0	0	0	0	0	0	0	0	0	0	0	0	0	0	0	0	0	0	0	2464	2518	2574	2633	2694	2756	2821	2889	2959	3032	3107	3184	3261	3339	3417	3496	3577	3658	3740	3822	3905	3989	4073	4159	4245	4332	4419	4507	4595	4683	4772	4861	4950	5039	5129	5219	5309	5399	5490	5581	5672	5763	5855	5947	6039	6131	6224	6317	6410	6503	6596	6689	6782	6875	6968	7061	7154	7247	7339	7431	7523	7616	7708	7800	7891	7982	8073	8164	8255	8346	8436	8526	8613	8698	8782	8864	8945	9019	9087	9147	9199	9248	9297	9345	9392	9440	9487	9534	9582	9630	9679	9728	9779	9830	9881	9933	9985	10037	10091	10146	10202	10260	10319	10378	10443	10512	10581	10650	10720	10790	10860	10930	11001	11072	11142	11211	11279	11346	11412	11477	11543	11610	11677	11745	11813	11882	11950	12018	12087	12155	12224	12292	12361	12430	12498	12566	12633	12700	12767	12833	12900	12966	13032	13098	13162	13225	13286	13346	13404	13460	13514	13566	13616	13663	13708	13751	13791	0	0	0	0	0	0
0	0	0	0	0	0	0	0	0	0	0	0	0	0	0	0	0	0	0	0	0	0	0	0	0	0	0	0	0	0	0	0	0	0	0	0	0	0	0	0	0	0	0	0	0	0	0	0	0	2412	2465	2519	2575	2634	2695	2757	2822	2890	2960	3033	3108	3185	3262	3340	3418	3497	3578	3659	3741	3823	3906	3990	4074	4160	4246	4333	4420	4508	4596	4684	4773	4862	4951	5040	5130	5220	5310	5400	5491	5582	5673	5764	5856	5948	6040	6132	6225	6318	6411	6504	6597	6690	6783	6876	6969	7062	7155	7248	7340	7432	7524	7617	7709	7801	7892	7983	8074	8165	8256	8347	8437	8527	8614	8699	8783	8865	8946	9020	9088	9148	9200	9249	9298	9346	9393	9441	9488	9535	9583	9631	9680	9729	9780	9831	9882	9934	9986	10038	10092	10147	10203	10261	10320	10379	10444	10513	10582	10651	10721	10791	10861	10931	11002	11073	11143	11212	11280	11347	11413	11478	11544	11611	11678	11746	11814	11883	11951	12019	12088	12156	12225	12293	12362	12431	12499	12567	12634	12701	12768	12834	12901	12967	13033	13099	13163	13226	13287	13347	13405	13461	13515	13567	13617	13664	13709	13752	13792	0	0	0	0	0	0
0	0	0	0	0	0	0	0	0	0	0	0	0	0	0	0	0	0	0	0	0	0	0	0	0	0	0	0	0	0	0	0	0	0	0	0	0	0	0	0	0	0	0	0	0	0	0	2320	2364	2413	2466	2520	2576	2635	2696	2758	2823	2891	2961	3034	3109	3186	3263	3341	3419	3498	3579	3660	3742	3824	3907	3991	4075	4161	4247	4334	4421	4509	4597	4685	4774	4863	4952	5041	5131	5221	5311	5401	5492	5583	5674	5765	5857	5949	6041	6133	6226	6319	6412	6505	6598	6691	6784	6877	6970	7063	7156	7249	7341	7433	7525	7618	7710	7802	7893	7984	8075	8166	8257	8348	8438	8528	8615	8700	8784	8866	8947	9021	9089	9149	9201	9250	9299	9347	9394	9442	9489	9536	9584	9632	9681	9730	9781	9832	9883	9935	9987	10039	10093	10148	10204	10262	10321	10380	10445	10514	10583	10652	10722	10792	10862	10932	11003	11074	11144	11213	11281	11348	11414	11479	11545	11612	11679	11747	11815	11884	11952	12020	12089	12157	12226	12294	12363	12432	12500	12568	12635	12702	12769	12835	12902	12968	13034	13100	13164	13227	13288	13348	13406	13462	13516	13568	13618	13665	13710	13753	13793	0	0	0	0	0	0
0	0	0	0	0	0	0	0	0	0	0	0	0	0	0	0	0	0	0	0	0	0	0	0	0	0	0	0	0	0	0	0	0	0	0	0	0	0	0	0	0	0	0	0	0	0	2280	2321	2365	2414	2467	2521	2577	2636	2697	2759	2824	2892	2962	3035	3110	3187	3264	3342	3420	3499	3580	3661	3743	3825	3908	3992	4076	4162	4248	4335	4422	4510	4598	4686	4775	4864	4953	5042	5132	5222	5312	5402	5493	5584	5675	5766	5858	5950	6042	6134	6227	6320	6413	6506	6599	6692	6785	6878	6971	7064	7157	7250	7342	7434	7526	7619	7711	7803	7894	7985	8076	8167	8258	8349	8439	8529	8616	8701	8785	8867	8948	9022	9090	9150	9202	9251	9300	9348	9395	9443	9490	9537	9585	9633	9682	9731	9782	9833	9884	9936	9988	10040	10094	10149	10205	10263	10322	10381	10446	10515	10584	10653	10723	10793	10863	10933	11004	11075	11145	11214	11282	11349	11415	11480	11546	11613	11680	11748	11816	11885	11953	12021	12090	12158	12227	12295	12364	12433	12501	12569	12636	12703	12770	12836	12903	12969	13035	13101	13165	13228	13289	13349	13407	13463	13517	13569	13619	13666	13711	13754	0	0	0	0	0	0	0
0	0	0	0	0	0	0	0	0	0	0	0	0	0	0	0	0	0	0	0	0	0	0	0	0	0	0	0	0	0	0	0	0	0	1782	1830	1875	1917	1958	1999	2040	2081	2121	2161	2201	2241	2281	2322	2366	2415	2468	2522	2578	2637	2698	2760	2825	2893	2963	3036	3111	3188	3265	3343	3421	3500	3581	3662	3744	3826	3909	3993	4077	4163	4249	4336	4423	4511	4599	4687	4776	4865	4954	5043	5133	5223	5313	5403	5494	5585	5676	5767	5859	5951	6043	6135	6228	6321	6414	6507	6600	6693	6786	6879	6972	7065	7158	7251	7343	7435	7527	7620	7712	7804	7895	7986	8077	8168	8259	8350	8440	8530	8617	8702	8786	8868	8949	9023	9091	9151	9203	9252	9301	9349	9396	9444	9491	9538	9586	9634	9683	9732	9783	9834	9885	9937	9989	10041	10095	10150	10206	10264	10323	10382	10447	10516	10585	10654	10724	10794	10864	10934	11005	11076	11146	11215	11283	11350	11416	11481	11547	11614	11681	11749	11817	11886	11954	12022	12091	12159	12228	12296	12365	12434	12502	12570	12637	12704	12771	12837	12904	12970	13036	13102	13166	13229	13290	13350	13408	13464	13518	13570	13620	13667	13712	0	0	0	0	0	0	0	0
0	0	0	0	0	0	0	0	0	0	0	0	0	0	0	0	0	0	0	0	0	0	0	0	0	0	0	0	1447	1509	1568	1625	1680	1732	1783	1831	1876	1918	1959	2000	2041	2082	2122	2162	2202	2242	2282	2323	2367	2416	2469	2523	2579	2638	2699	2761	2826	2894	2964	3037	3112	3189	3266	3344	3422	3501	3582	3663	3745	3827	3910	3994	4078	4164	4250	4337	4424	4512	4600	4688	4777	4866	4955	5044	5134	5224	5314	5404	5495	5586	5677	5768	5860	5952	6044	6136	6229	6322	6415	6508	6601	6694	6787	6880	6973	7066	7159	7252	7344	7436	7528	7621	7713	7805	7896	7987	8078	8169	8260	8351	8441	8531	8618	8703	8787	8869	8950	9024	9092	9152	9204	9253	9302	9350	9397	9445	9492	9539	9587	9635	9684	9733	9784	9835	9886	9938	9990	10042	10096	10151	10207	10265	10324	10383	10448	10517	10586	10655	10725	10795	10865	10935	11006	11077	11147	11216	11284	11351	11417	11482	11548	11615	11682	11750	11818	11887	11955	12023	12092	12160	12229	12297	12366	12435	12503	12571	12638	12705	12772	12838	12905	12971	13037	13103	13167	13230	13291	13351	13409	13465	13519	13571	13621	13668	13713	0	0	0	0	0	0	0	0
0	0	0	0	0	0	0	0	0	0	0	0	0	0	0	0	0	0	0	0	0	0	0	0	1186	1254	1320	1384	1448	1510	1569	1626	1681	1733	1784	1832	1877	1919	1960	2001	2042	2083	2123	2163	2203	2243	2283	2324	2368	2417	2470	2524	2580	2639	2700	2762	2827	2895	2965	3038	3113	3190	3267	3345	3423	3502	3583	3664	3746	3828	3911	3995	4079	4165	4251	4338	4425	4513	4601	4689	4778	4867	4956	5045	5135	5225	5315	5405	5496	5587	5678	5769	5861	5953	6045	6137	6230	6323	6416	6509	6602	6695	6788	6881	6974	7067	7160	7253	7345	7437	7529	7622	7714	7806	7897	7988	8079	8170	8261	8352	8442	8532	8619	8704	8788	8870	8951	9025	9093	9153	9205	9254	9303	9351	9398	9446	9493	9540	9588	9636	9685	9734	9785	9836	9887	9939	9991	10043	10097	10152	10208	10266	10325	10384	10449	10518	10587	10656	10726	10796	10866	10936	11007	11078	11148	11217	11285	11352	11418	11483	11549	11616	11683	11751	11819	11888	11956	12024	12093	12161	12230	12298	12367	12436	12504	12572	12639	12706	12773	12839	12906	12972	13038	13104	13168	13231	13292	13352	13410	13466	13520	13572	13622	13669	0	0	0	0	0	0	0	0	0
0	0	0	0	0	0	0	0	0	0	0	0	0	0	0	0	0	0	0	0	0	0	0	1119	1187	1255	1321	1385	1449	1511	1570	1627	1682	1734	1785	1833	1878	1920	1961	2002	2043	2084	2124	2164	2204	2244	2284	2325	2369	2418	2471	2525	2581	2640	2701	2763	2828	2896	2966	3039	3114	3191	3268	3346	3424	3503	3584	3665	3747	3829	3912	3996	4080	4166	4252	4339	4426	4514	4602	4690	4779	4868	4957	5046	5136	5226	5316	5406	5497	5588	5679	5770	5862	5954	6046	6138	6231	6324	6417	6510	6603	6696	6789	6882	6975	7068	7161	7254	7346	7438	7530	7623	7715	7807	7898	7989	8080	8171	8262	8353	8443	8533	8620	8705	8789	8871	8952	9026	9094	9154	9206	9255	9304	9352	9399	9447	9494	9541	9589	9637	9686	9735	9786	9837	9888	9940	9992	10044	10098	10153	10209	10267	10326	10385	10450	10519	10588	10657	10727	10797	10867	10937	11008	11079	11149	11218	11286	11353	11419	11484	11550	11617	11684	11752	11820	11889	11957	12025	12094	12162	12231	12299	12368	12437	12505	12573	12640	12707	12774	12840	12907	12973	13039	13105	13169	13232	13293	13353	13411	13467	13521	13573	13623	0	0	0	0	0	0	0	0	0	0
0	0	0	0	0	0	0	0	0	0	0	0	0	0	0	0	0	0	0	0	0	0	1051	1120	1188	1256	1322	1386	1450	1512	1571	1628	1683	1735	1786	1834	1879	1921	1962	2003	2044	2085	2125	2165	2205	2245	2285	2326	2370	2419	2472	2526	2582	2641	2702	2764	2829	2897	2967	3040	3115	3192	3269	3347	3425	3504	3585	3666	3748	3830	3913	3997	4081	4167	4253	4340	4427	4515	4603	4691	4780	4869	4958	5047	5137	5227	5317	5407	5498	5589	5680	5771	5863	5955	6047	6139	6232	6325	6418	6511	6604	6697	6790	6883	6976	7069	7162	7255	7347	7439	7531	7624	7716	7808	7899	7990	8081	8172	8263	8354	8444	8534	8621	8706	8790	8872	8953	9027	9095	9155	9207	9256	9305	9353	9400	9448	9495	9542	9590	9638	9687	9736	9787	9838	9889	9941	9993	10045	10099	10154	10210	10268	10327	10386	10451	10520	10589	10658	10728	10798	10868	10938	11009	11080	11150	11219	11287	11354	11420	11485	11551	11618	11685	11753	11821	11890	11958	12026	12095	12163	12232	12300	12369	12438	12506	12574	12641	12708	12775	12841	12908	12974	13040	13106	13170	13233	13294	13354	13412	13468	13522	13574	13624	0	0	0	0	0	0	0	0	0	0
0	0	0	0	0	0	0	0	0	0	0	0	0	0	0	0	0	0	0	0	0	984	1052	1121	1189	1257	1323	1387	1451	1513	1572	1629	1684	1736	1787	1835	1880	1922	1963	2004	2045	2086	2126	2166	2206	2246	2286	2327	2371	2420	2473	2527	2583	2642	2703	2765	2830	2898	2968	3041	3116	3193	3270	3348	3426	3505	3586	3667	3749	3831	3914	3998	4082	4168	4254	4341	4428	4516	4604	4692	4781	4870	4959	5048	5138	5228	5318	5408	5499	5590	5681	5772	5864	5956	6048	6140	6233	6326	6419	6512	6605	6698	6791	6884	6977	7070	7163	7256	7348	7440	7532	7625	7717	7809	7900	7991	8082	8173	8264	8355	8445	8535	8622	8707	8791	8873	8954	9028	9096	9156	9208	9257	9306	9354	9401	9449	9496	9543	9591	9639	9688	9737	9788	9839	9890	9942	9994	10046	10100	10155	10211	10269	10328	10387	10452	10521	10590	10659	10729	10799	10869	10939	11010	11081	11151	11220	11288	11355	11421	11486	11552	11619	11686	11754	11822	11891	11959	12027	12096	12164	12233	12301	12370	12439	12507	12575	12642	12709	12776	12842	12909	12975	13041	13107	13171	13234	13295	13355	13413	13469	13523	13575	0	0	0	0	0	0	0	0	0	0	0
0	0	0	0	0	0	0	0	0	0	0	0	0	0	0	0	0	0	0	0	917	985	1053	1122	1190	1258	1324	1388	1452	1514	1573	1630	1685	1737	1788	1836	1881	1923	1964	2005	2046	2087	2127	2167	2207	2247	2287	2328	2372	2421	2474	2528	2584	2643	2704	2766	2831	2899	2969	3042	3117	3194	3271	3349	3427	3506	3587	3668	3750	3832	3915	3999	4083	4169	4255	4342	4429	4517	4605	4693	4782	4871	4960	5049	5139	5229	5319	5409	5500	5591	5682	5773	5865	5957	6049	6141	6234	6327	6420	6513	6606	6699	6792	6885	6978	7071	7164	7257	7349	7441	7533	7626	7718	7810	7901	7992	8083	8174	8265	8356	8446	8536	8623	8708	8792	8874	8955	9029	9097	9157	9209	9258	9307	9355	9402	9450	9497	9544	9592	9640	9689	9738	9789	9840	9891	9943	9995	10047	10101	10156	10212	10270	10329	10388	10453	10522	10591	10660	10730	10800	10870	10940	11011	11082	11152	11221	11289	11356	11422	11487	11553	11620	11687	11755	11823	11892	11960	12028	12097	12165	12234	12302	12371	12440	12508	12576	12643	12710	12777	12843	12910	12976	13042	13108	13172	13235	13296	13356	13414	13470	13524	13576	0	0	0	0	0	0	0	0	0	0	0
0	0	0	0	0	0	0	0	0	0	0	0	0	0	0	0	0	0	0	851	918	986	1054	1123	1191	1259	1325	1389	1453	1515	1574	1631	1686	1738	1789	1837	1882	1924	1965	2006	2047	2088	2128	2168	2208	2248	2288	2329	2373	2422	2475	2529	2585	2644	2705	2767	2832	2900	2970	3043	3118	3195	3272	3350	3428	3507	3588	3669	3751	3833	3916	4000	4084	4170	4256	4343	4430	4518	4606	4694	4783	4872	4961	5050	5140	5230	5320	5410	5501	5592	5683	5774	5866	5958	6050	6142	6235	6328	6421	6514	6607	6700	6793	6886	6979	7072	7165	7258	7350	7442	7534	7627	7719	7811	7902	7993	8084	8175	8266	8357	8447	8537	8624	8709	8793	8875	8956	9030	9098	9158	9210	9259	9308	9356	9403	9451	9498	9545	9593	9641	9690	9739	9790	9841	9892	9944	9996	10048	10102	10157	10213	10271	10330	10389	10454	10523	10592	10661	10731	10801	10871	10941	11012	11083	11153	11222	11290	11357	11423	11488	11554	11621	11688	11756	11824	11893	11961	12029	12098	12166	12235	12303	12372	12441	12509	12577	12644	12711	12778	12844	12911	12977	13043	13109	13173	13236	13297	13357	13415	13471	13525	0	0	0	0	0	0	0	0	0	0	0	0
0	0	0	0	0	0	0	0	0	0	0	0	0	0	0	0	0	0	786	852	919	987	1055	1124	1192	1260	1326	1390	1454	1516	1575	1632	1687	1739	1790	1838	1883	1925	1966	2007	2048	2089	2129	2169	2209	2249	2289	2330	2374	2423	2476	2530	2586	2645	2706	2768	2833	2901	2971	3044	3119	3196	3273	3351	3429	3508	3589	3670	3752	3834	3917	4001	4085	4171	4257	4344	4431	4519	4607	4695	4784	4873	4962	5051	5141	5231	5321	5411	5502	5593	5684	5775	5867	5959	6051	6143	6236	6329	6422	6515	6608	6701	6794	6887	6980	7073	7166	7259	7351	7443	7535	7628	7720	7812	7903	7994	8085	8176	8267	8358	8448	8538	8625	8710	8794	8876	8957	9031	9099	9159	9211	9260	9309	9357	9404	9452	9499	9546	9594	9642	9691	9740	9791	9842	9893	9945	9997	10049	10103	10158	10214	10272	10331	10390	10455	10524	10593	10662	10732	10802	10872	10942	11013	11084	11154	11223	11291	11358	11424	11489	11555	11622	11689	11757	11825	11894	11962	12030	12099	12167	12236	12304	12373	12442	12510	12578	12645	12712	12779	12845	12912	12978	13044	13110	13174	13237	13298	13358	13416	13472	0	0	0	0	0	0	0	0	0	0	0	0	0
0	0	0	0	0	0	0	0	0	0	0	0	0	0	0	0	656	721	787	853	920	988	1056	1125	1193	1261	1327	1391	1455	1517	1576	1633	1688	1740	1791	1839	1884	1926	1967	2008	2049	2090	2130	2170	2210	2250	2290	2331	2375	2424	2477	2531	2587	2646	2707	2769	2834	2902	2972	3045	3120	3197	3274	3352	3430	3509	3590	3671	3753	3835	3918	4002	4086	4172	4258	4345	4432	4520	4608	4696	4785	4874	4963	5052	5142	5232	5322	5412	5503	5594	5685	5776	5868	5960	6052	6144	6237	6330	6423	6516	6609	6702	6795	6888	6981	7074	7167	7260	7352	7444	7536	7629	7721	7813	7904	7995	8086	8177	8268	8359	8449	8539	8626	8711	8795	8877	8958	9032	9100	9160	9212	9261	9310	9358	9405	9453	9500	9547	9595	9643	9692	9741	9792	9843	9894	9946	9998	10050	10104	10159	10215	10273	10332	10391	10456	10525	10594	10663	10733	10803	10873	10943	11014	11085	11155	11224	11292	11359	11425	11490	11556	11623	11690	11758	11826	11895	11963	12031	12100	12168	12237	12305	12374	12443	12511	12579	12646	12713	12780	12846	12913	12979	13045	13111	13175	13238	13299	13359	13417	0	0	0	0	0	0	0	0	0	0	0	0	0	0
0	0	0	0	0	0	0	0	0	0	0	0	0	0	0	592	657	722	788	854	921	989	1057	1126	1194	1262	1328	1392	1456	1518	1577	1634	1689	1741	1792	1840	1885	1927	1968	2009	2050	2091	2131	2171	2211	2251	2291	2332	2376	2425	2478	2532	2588	2647	2708	2770	2835	2903	2973	3046	3121	3198	3275	3353	3431	3510	3591	3672	3754	3836	3919	4003	4087	4173	4259	4346	4433	4521	4609	4697	4786	4875	4964	5053	5143	5233	5323	5413	5504	5595	5686	5777	5869	5961	6053	6145	6238	6331	6424	6517	6610	6703	6796	6889	6982	7075	7168	7261	7353	7445	7537	7630	7722	7814	7905	7996	8087	8178	8269	8360	8450	8540	8627	8712	8796	8878	8959	9033	9101	9161	9213	9262	9311	9359	9406	9454	9501	9548	9596	9644	9693	9742	9793	9844	9895	9947	9999	10051	10105	10160	10216	10274	10333	10392	10457	10526	10595	10664	10734	10804	10874	10944	11015	11086	11156	11225	11293	11360	11426	11491	11557	11624	11691	11759	11827	11896	11964	12032	12101	12169	12238	12306	12375	12444	12512	12580	12647	12714	12781	12847	12914	12980	13046	13112	13176	13239	13300	13360	13418	0	0	0	0	0	0	0	0	0	0	0	0	0	0
0	0	0	0	0	0	0	0	0	0	0	0	0	0	529	593	658	723	789	855	922	990	1058	1127	1195	1263	1329	1393	1457	1519	1578	1635	1690	1742	1793	1841	1886	1928	1969	2010	2051	2092	2132	2172	2212	2252	2292	2333	2377	2426	2479	2533	2589	2648	2709	2771	2836	2904	2974	3047	3122	3199	3276	3354	3432	3511	3592	3673	3755	3837	3920	4004	4088	4174	4260	4347	4434	4522	4610	4698	4787	4876	4965	5054	5144	5234	5324	5414	5505	5596	5687	5778	5870	5962	6054	6146	6239	6332	6425	6518	6611	6704	6797	6890	6983	7076	7169	7262	7354	7446	7538	7631	7723	7815	7906	7997	8088	8179	8270	8361	8451	8541	8628	8713	8797	8879	8960	9034	9102	9162	9214	9263	9312	9360	9407	9455	9502	9549	9597	9645	9694	9743	9794	9845	9896	9948	10000	10052	10106	10161	10217	10275	10334	10393	10458	10527	10596	10665	10735	10805	10875	10945	11016	11087	11157	11226	11294	11361	11427	11492	11558	11625	11692	11760	11828	11897	11965	12033	12102	12170	12239	12307	12376	12445	12513	12581	12648	12715	12782	12848	12915	12981	13047	13113	13177	13240	13301	13361	0	0	0	0	0	0	0	0	0	0	0	0	0	0	0
0	0	0	0	0	0	0	0	0	0	0	0	0	469	530	594	659	724	790	856	923	991	1059	1128	1196	1264	1330	1394	1458	1520	1579	1636	1691	1743	1794	1842	1887	1929	1970	2011	2052	2093	2133	2173	2213	2253	2293	2334	2378	2427	2480	2534	2590	2649	2710	2772	2837	2905	2975	3048	3123	3200	3277	3355	3433	3512	3593	3674	3756	3838	3921	4005	4089	4175	4261	4348	4435	4523	4611	4699	4788	4877	4966	5055	5145	5235	5325	5415	5506	5597	5688	5779	5871	5963	6055	6147	6240	6333	6426	6519	6612	6705	6798	6891	6984	7077	7170	7263	7355	7447	7539	7632	7724	7816	7907	7998	8089	8180	8271	8362	8452	8542	8629	8714	8798	8880	8961	9035	9103	9163	9215	9264	9313	9361	9408	9456	9503	9550	9598	9646	9695	9744	9795	9846	9897	9949	10001	10053	10107	10162	10218	10276	10335	10394	10459	10528	10597	10666	10736	10806	10876	10946	11017	11088	11158	11227	11295	11362	11428	11493	11559	11626	11693	11761	11829	11898	11966	12034	12103	12171	12240	12308	12377	12446	12514	12582	12649	12716	12783	12849	12916	12982	13048	13114	13178	13241	13302	13362	0	0	0	0	0	0	0	0	0	0	0	0	0	0	0
0	0	0	0	0	0	0	0	0	0	0	0	411	470	531	595	660	725	791	857	924	992	1060	1129	1197	1265	1331	1395	1459	1521	1580	1637	1692	1744	1795	1843	1888	1930	1971	2012	2053	2094	2134	2174	2214	2254	2294	2335	2379	2428	2481	2535	2591	2650	2711	2773	2838	2906	2976	3049	3124	3201	3278	3356	3434	3513	3594	3675	3757	3839	3922	4006	4090	4176	4262	4349	4436	4524	4612	4700	4789	4878	4967	5056	5146	5236	5326	5416	5507	5598	5689	5780	5872	5964	6056	6148	6241	6334	6427	6520	6613	6706	6799	6892	6985	7078	7171	7264	7356	7448	7540	7633	7725	7817	7908	7999	8090	8181	8272	8363	8453	8543	8630	8715	8799	8881	8962	9036	9104	9164	9216	9265	9314	9362	9409	9457	9504	9551	9599	9647	9696	9745	9796	9847	9898	9950	10002	10054	10108	10163	10219	10277	10336	10395	10460	10529	10598	10667	10737	10807	10877	10947	11018	11089	11159	11228	11296	11363	11429	11494	11560	11627	11694	11762	11830	11899	11967	12035	12104	12172	12241	12309	12378	12447	12515	12583	12650	12717	12784	12850	12917	12983	13049	13115	13179	13242	13303	0	0	0	0	0	0	0	0	0	0	0	0	0	0	0	0
0	0	0	0	0	0	0	0	0	0	0	355	412	471	532	596	661	726	792	858	925	993	1061	1130	1198	1266	1332	1396	1460	1522	1581	1638	1693	1745	1796	1844	1889	1931	1972	2013	2054	2095	2135	2175	2215	2255	2295	2336	2380	2429	2482	2536	2592	2651	2712	2774	2839	2907	2977	3050	3125	3202	3279	3357	3435	3514	3595	3676	3758	3840	3923	4007	4091	4177	4263	4350	4437	4525	4613	4701	4790	4879	4968	5057	5147	5237	5327	5417	5508	5599	5690	5781	5873	5965	6057	6149	6242	6335	6428	6521	6614	6707	6800	6893	6986	7079	7172	7265	7357	7449	7541	7634	7726	7818	7909	8000	8091	8182	8273	8364	8454	8544	8631	8716	8800	8882	8963	9037	9105	9165	9217	9266	9315	9363	9410	9458	9505	9552	9600	9648	9697	9746	9797	9848	9899	9951	10003	10055	10109	10164	10220	10278	10337	10396	10461	10530	10599	10668	10738	10808	10878	10948	11019	11090	11160	11229	11297	11364	11430	11495	11561	11628	11695	11763	11831	11900	11968	12036	12105	12173	12242	12310	12379	12448	12516	12584	12651	12718	12785	12851	12918	12984	13050	13116	13180	13243	13304	0	0	0	0	0	0	0	0	0	0	0	0	0	0	0	0
0	0	0	0	0	0	0	0	0	0	302	356	413	472	533	597	662	727	793	859	926	994	1062	1131	1199	1267	1333	1397	1461	1523	1582	1639	1694	1746	1797	1845	1890	1932	1973	2014	2055	2096	2136	2176	2216	2256	2296	2337	2381	2430	2483	2537	2593	2652	2713	2775	2840	2908	2978	3051	3126	3203	3280	3358	3436	3515	3596	3677	3759	3841	3924	4008	4092	4178	4264	4351	4438	4526	4614	4702	4791	4880	4969	5058	5148	5238	5328	5418	5509	5600	5691	5782	5874	5966	6058	6150	6243	6336	6429	6522	6615	6708	6801	6894	6987	7080	7173	7266	7358	7450	7542	7635	7727	7819	7910	8001	8092	8183	8274	8365	8455	8545	8632	8717	8801	8883	8964	9038	9106	9166	9218	9267	9316	9364	9411	9459	9506	9553	9601	9649	9698	9747	9798	9849	9900	9952	0	10056	10110	10165	10221	10279	10338	10397	10462	10531	10600	10669	10739	10809	10879	10949	11020	11091	11161	11230	11298	11365	11431	11496	11562	11629	11696	11764	11832	11901	11969	12037	12106	12174	12243	12311	12380	12449	12517	12585	12652	12719	12786	12852	12919	12985	13051	13117	13181	13244	0	0	0	0	0	0	0	0	0	0	0	0	0	0	0	0	0
0	0	0	0	0	0	0	0	0	251	303	357	414	473	534	598	663	728	794	860	927	995	1063	1132	1200	1268	1334	1398	1462	1524	1583	1640	1695	1747	1798	1846	1891	1933	1974	2015	2056	2097	2137	2177	2217	2257	2297	2338	2382	2431	2484	2538	2594	2653	2714	2776	2841	2909	2979	3052	3127	3204	3281	3359	3437	3516	3597	3678	3760	3842	3925	4009	4093	4179	4265	4352	4439	4527	4615	4703	4792	4881	4970	5059	5149	5239	5329	5419	5510	5601	5692	5783	5875	5967	6059	6151	6244	6337	6430	6523	6616	6709	6802	6895	6988	7081	7174	7267	7359	7451	7543	7636	7728	7820	7911	8002	8093	8184	8275	8366	8456	8546	8633	8718	8802	8884	8965	9039	9107	9167	9219	9268	9317	9365	9412	9460	9507	9554	9602	9650	9699	9748	9799	9850	9901	0	0	0	0	0	0	10280	10339	10398	10463	10532	10601	10670	10740	10810	10880	10950	11021	11092	11162	11231	11299	11366	11432	11497	11563	11630	11697	11765	11833	11902	11970	12038	12107	12175	12244	12312	12381	12450	12518	12586	12653	12720	12787	12853	12920	12986	13052	13118	13182	0	0	0	0	0	0	0	0	0	0	0	0	0	0	0	0	0	0
0	0	0	0	0	0	0	0	202	252	304	358	415	474	535	599	664	729	795	861	928	996	1064	1133	1201	1269	1335	1399	1463	1525	1584	1641	1696	1748	1799	1847	1892	1934	1975	2016	2057	2098	2138	2178	2218	2258	2298	2339	2383	2432	2485	2539	2595	2654	2715	2777	2842	2910	2980	3053	3128	3205	3282	3360	3438	3517	3598	3679	3761	3843	3926	4010	4094	4180	4266	4353	4440	4528	4616	4704	4793	4882	4971	5060	5150	5240	5330	5420	5511	5602	5693	5784	5876	5968	6060	6152	6245	6338	6431	6524	6617	6710	6803	6896	6989	7082	7175	7268	7360	7452	7544	7637	7729	7821	7912	8003	8094	8185	8276	8367	8457	8547	8634	8719	8803	8885	8966	9040	9108	9168	9220	9269	9318	9366	9413	9461	9508	9555	9603	9651	9700	9749	9800	0	0	0	0	0	0	0	0	0	0	10399	10464	10533	10602	10671	10741	10811	10881	10951	11022	11093	11163	11232	11300	11367	11433	11498	11564	11631	11698	11766	11834	11903	11971	12039	12108	12176	12245	12313	12382	12451	12519	12587	12654	12721	12788	12854	12921	12987	13053	13119	13183	0	0	0	0	0	0	0	0	0	0	0	0	0	0	0	0	0	0
0	0	0	0	0	0	0	156	203	253	305	359	416	475	536	600	665	730	796	862	929	997	1065	1134	1202	1270	1336	1400	1464	1526	1585	1642	1697	1749	1800	1848	1893	1935	1976	2017	2058	2099	2139	2179	2219	2259	2299	2340	2384	2433	2486	2540	2596	2655	2716	2778	2843	2911	2981	3054	3129	3206	3283	3361	3439	3518	3599	3680	3762	3844	3927	4011	4095	4181	4267	4354	4441	4529	4617	4705	4794	4883	4972	5061	5151	5241	5331	5421	5512	5603	5694	5785	5877	5969	6061	6153	6246	6339	6432	6525	6618	6711	6804	6897	6990	7083	7176	7269	7361	7453	7545	7638	7730	7822	7913	8004	8095	8186	8277	8368	8458	8548	8635	8720	8804	8886	8967	9041	9109	9169	9221	9270	9319	9367	9414	9462	9509	9556	9604	9652	9701	9750	0	0	0	0	0	0	0	0	0	0	0	10400	10465	10534	10603	10672	10742	10812	10882	10952	11023	11094	11164	11233	11301	11368	11434	11499	11565	11632	11699	11767	11835	11904	11972	12040	12109	12177	12246	12314	12383	12452	12520	12588	12655	12722	12789	12855	12922	12988	13054	13120	0	0	0	0	0	0	0	0	0	0	0	0	0	0	0	0	0	0	0
0	0	0	0	0	75	114	157	204	254	306	360	417	476	537	601	666	731	797	863	930	998	1066	1135	1203	1271	1337	1401	1465	1527	1586	1643	1698	1750	1801	1849	1894	1936	1977	2018	2059	2100	2140	2180	2220	2260	2300	2341	2385	2434	2487	2541	2597	2656	2717	2779	2844	2912	2982	3055	3130	3207	3284	3362	3440	3519	3600	3681	3763	3845	3928	4012	4096	4182	4268	4355	4442	4530	4618	4706	4795	4884	4973	5062	5152	5242	5332	5422	5513	5604	5695	5786	5878	5970	6062	6154	6247	6340	6433	6526	6619	6712	6805	6898	6991	7084	7177	7270	7362	7454	7546	7639	7731	7823	7914	8005	8096	8187	8278	8369	8459	8549	8636	8721	8805	8887	8968	9042	9110	9170	9222	9271	9320	9368	9415	9463	9510	9557	9605	9653	0	0	0	0	0	0	0	0	0	0	0	0	0	10401	10466	10535	10604	10673	10743	10813	10883	10953	11024	11095	11165	11234	11302	11369	11435	11500	11566	11633	11700	11768	11836	11905	11973	12041	12110	12178	12247	12315	12384	12453	12521	12589	12656	12723	12790	12856	12923	12989	13055	0	0	0	0	0	0	0	0	0	0	0	0	0	0	0	0	0	0	0	0
0	0	0	0	0	76	115	158	205	255	307	361	418	477	538	602	667	732	798	864	931	999	1067	1136	1204	1272	1338	1402	1466	1528	1587	1644	1699	1751	1802	1850	1895	1937	1978	2019	2060	2101	2141	2181	2221	2261	2301	2342	2386	2435	2488	2542	2598	2657	2718	2780	2845	2913	2983	3056	3131	3208	3285	3363	3441	3520	3601	3682	3764	3846	3929	4013	4097	4183	4269	4356	4443	4531	4619	4707	4796	4885	4974	5063	5153	5243	5333	5423	5514	5605	5696	5787	5879	5971	6063	6155	6248	6341	6434	6527	6620	6713	6806	6899	6992	7085	7178	7271	7363	7455	7547	7640	7732	7824	7915	8006	8097	8188	8279	8370	8460	8550	8637	8722	8806	8888	8969	9043	9111	9171	9223	9272	9321	9369	9416	9464	9511	9558	0	0	0	0	0	0	0	0	0	0	0	0	0	0	0	10402	10467	10536	10605	10674	10744	10814	10884	10954	11025	11096	11166	11235	11303	11370	11436	11501	11567	11634	11701	11769	11837	11906	11974	12042	12111	12179	12248	12316	12385	12454	12522	12590	12657	12724	12791	12857	12924	12990	13056	0	0	0	0	0	0	0	0	0	0	0	0	0	0	0	0	0	0	0	0
0	0	0	0	0	77	116	159	206	256	308	362	419	478	539	603	668	733	799	865	932	1000	1068	1137	1205	1273	1339	1403	1467	1529	1588	1645	1700	1752	1803	1851	1896	1938	1979	2020	2061	2102	2142	2182	2222	2262	2302	2343	2387	2436	2489	2543	2599	2658	2719	2781	2846	2914	2984	3057	3132	3209	3286	3364	3442	3521	3602	3683	3765	3847	3930	4014	4098	4184	4270	4357	4444	4532	4620	4708	4797	4886	4975	5064	5154	5244	5334	5424	5515	5606	5697	5788	5880	5972	6064	6156	6249	6342	6435	6528	6621	6714	6807	6900	6993	7086	7179	7272	7364	7456	7548	7641	7733	7825	7916	8007	8098	8189	8280	8371	8461	8551	8638	8723	8807	8889	8970	9044	9112	9172	9224	9273	9322	9370	9417	9465	9512	0	0	0	0	0	0	0	0	0	0	0	0	0	0	0	0	10403	10468	10537	10606	10675	10745	10815	10885	10955	11026	11097	11167	11236	11304	11371	11437	11502	11568	11635	11702	11770	11838	11907	11975	12043	12112	12180	12249	12317	12386	12455	12523	12591	12658	12725	12792	12858	0	0	0	0	0	0	0	0	0	0	0	0	0	0	0	0	0	0	0	0	0	0	0
0	0	0	0	0	78	117	160	207	257	309	363	420	479	540	604	669	734	800	866	933	1001	1069	1138	1206	1274	1340	1404	1468	1530	1589	1646	1701	1753	1804	1852	1897	1939	1980	2021	2062	2103	2143	2183	2223	2263	2303	2344	2388	2437	2490	2544	2600	2659	2720	2782	2847	2915	2985	3058	3133	3210	3287	3365	3443	3522	3603	3684	3766	3848	3931	4015	4099	4185	4271	4358	4445	4533	4621	4709	4798	4887	4976	5065	5155	5245	5335	5425	5516	5607	5698	5789	5881	5973	6065	6157	6250	6343	6436	6529	6622	6715	6808	6901	6994	7087	7180	7273	7365	7457	7549	7642	7734	7826	7917	8008	8099	8190	8281	8372	8462	8552	8639	8724	8808	8890	8971	9045	9113	9173	9225	9274	9323	9371	9418	0	0	0	0	0	0	0	0	0	0	0	0	0	0	0	0	0	0	0	10469	10538	10607	10676	10746	10816	10886	10956	11027	11098	11168	11237	11305	11372	11438	11503	11569	11636	11703	11771	11839	11908	11976	12044	12113	12181	12250	12318	12387	12456	12524	12592	12659	12726	0	0	0	0	0	0	0	0	0	0	0	0	0	0	0	0	0	0	0	0	0	0	0	0	0
0	0	0	0	44	79	118	161	208	258	310	364	421	480	541	605	670	735	801	867	934	1002	1070	1139	1207	1275	1341	1405	1469	1531	1590	1647	1702	1754	1805	1853	1898	1940	1981	2022	2063	2104	2144	2184	2224	2264	2304	2345	2389	2438	2491	2545	2601	2660	2721	2783	2848	2916	2986	3059	3134	3211	3288	3366	3444	3523	3604	3685	3767	3849	3932	4016	4100	4186	4272	4359	4446	4534	4622	4710	4799	4888	4977	5066	5156	5246	5336	5426	5517	5608	5699	5790	5882	5974	6066	6158	6251	6344	6437	6530	6623	6716	6809	6902	6995	7088	7181	7274	7366	7458	7550	7643	7735	7827	7918	8009	8100	8191	8282	8373	8463	8553	8640	8725	8809	8891	0	0	0	0	0	0	0	0	0	0	0	0	0	0	0	0	0	0	0	0	0	0	0	0	0	0	0	0	10470	10539	10608	10677	10747	10817	10887	10957	11028	11099	11169	11238	11306	11373	11439	11504	11570	11637	11704	11772	11840	11909	11977	12045	12114	12182	12251	12319	12388	12457	12525	0	0	0	0	0	0	0	0	0	0	0	0	0	0	0	0	0	0	0	0	0	0	0	0	0	0	0	0
0	0	0	0	45	80	119	162	209	259	311	365	422	481	542	606	671	736	802	868	935	1003	1071	1140	1208	1276	1342	1406	1470	1532	1591	1648	1703	1755	1806	1854	1899	1941	1982	2023	2064	2105	2145	2185	2225	2265	2305	2346	2390	2439	2492	2546	2602	2661	2722	2784	2849	2917	2987	3060	3135	3212	3289	3367	3445	3524	3605	3686	3768	3850	3933	4017	4101	4187	4273	4360	4447	4535	4623	4711	4800	4889	4978	5067	5157	5247	5337	5427	5518	5609	5700	5791	5883	5975	6067	6159	6252	6345	6438	6531	6624	6717	6810	6903	6996	7089	7182	7275	7367	7459	7551	7644	7736	7828	7919	8010	8101	8192	8283	8374	8464	8554	8641	0	0	0	0	0	0	0	0	0	0	0	0	0	0	0	0	0	0	0	0	0	0	0	0	0	0	0	0	0	0	0	10471	10540	10609	10678	10748	10818	10888	10958	11029	11100	11170	11239	11307	11374	11440	11505	11571	11638	11705	11773	11841	11910	11978	12046	12115	12183	12252	12320	12389	0	0	0	0	0	0	0	0	0	0	0	0	0	0	0	0	0	0	0	0	0	0	0	0	0	0	0	0	0	0
0	0	0	0	46	81	120	163	210	260	312	366	423	482	543	607	672	737	803	869	936	1004	1072	1141	1209	1277	1343	1407	1471	1533	1592	1649	1704	1756	1807	1855	1900	1942	1983	2024	2065	2106	2146	2186	2226	2266	2306	2347	2391	2440	2493	2547	2603	2662	2723	2785	2850	2918	2988	3061	3136	3213	3290	3368	3446	3525	3606	3687	3769	3851	3934	4018	4102	4188	4274	4361	4448	4536	4624	4712	4801	4890	4979	5068	5158	5248	5338	5428	5519	5610	5701	5792	5884	5976	6068	6160	6253	6346	6439	6532	6625	6718	6811	6904	6997	7090	7183	7276	7368	7460	7552	7645	7737	7829	7920	8011	8102	8193	8284	8375	8465	0	0	0	0	0	0	0	0	0	0	0	0	0	0	0	0	0	0	0	0	0	0	0	0	0	0	0	0	0	0	0	0	0	10472	10541	10610	10679	10749	10819	10889	10959	11030	11101	11171	11240	11308	11375	11441	11506	11572	11639	11706	11774	11842	11911	11979	12047	12116	12184	0	0	0	0	0	0	0	0	0	0	0	0	0	0	0	0	0	0	0	0	0	0	0	0	0	0	0	0	0	0	0	0	0
0	0	0	0	47	82	121	164	211	261	313	367	424	483	544	608	673	738	804	870	937	1005	1073	1142	1210	1278	1344	1408	1472	1534	1593	1650	1705	1757	1808	1856	1901	1943	1984	2025	2066	2107	2147	2187	2227	2267	2307	2348	2392	2441	2494	2548	2604	2663	2724	2786	2851	2919	2989	3062	3137	3214	3291	3369	3447	3526	3607	3688	3770	3852	3935	4019	4103	4189	4275	4362	4449	4537	4625	4713	4802	4891	4980	5069	5159	5249	5339	5429	5520	5611	5702	5793	5885	5977	6069	6161	6254	6347	6440	6533	6626	6719	6812	6905	6998	7091	7184	7277	7369	7461	7553	7646	7738	7830	7921	8012	8103	8194	8285	8376	8466	8555	8642	8726	8810	8892	0	0	0	0	0	0	0	0	0	0	0	0	0	0	0	0	0	0	0	0	0	0	0	0	0	0	0	0	0	0	0	0	0	0	0	10960	11031	11102	11172	11241	11309	11376	11442	11507	11573	11640	11707	11775	11843	11912	11980	12048	0	0	0	0	0	0	0	0	0	0	0	0	0	0	0	0	0	0	0	0	0	0	0	0	0	0	0	0	0	0	0	0	0	0	0
0	0	0	0	48	83	122	165	212	262	314	368	425	484	545	609	674	739	805	871	938	1006	1074	1143	1211	1279	1345	1409	1473	1535	1594	1651	1706	1758	1809	1857	1902	1944	1985	2026	2067	2108	2148	2188	2228	2268	2308	2349	2393	2442	2495	2549	2605	2664	2725	2787	2852	2920	2990	3063	3138	3215	3292	3370	3448	3527	3608	3689	3771	3853	3936	4020	4104	4190	4276	4363	4450	4538	4626	4714	4803	4892	4981	5070	5160	5250	5340	5430	5521	5612	5703	5794	5886	5978	6070	6162	6255	6348	6441	6534	6627	6720	6813	6906	6999	7092	7185	7278	7370	7462	7554	7647	7739	7831	7922	8013	8104	8195	8286	8377	8467	8556	8643	8727	8811	8893	0	0	0	0	0	0	0	0	0	0	0	0	0	0	0	0	0	0	0	0	0	0	0	0	0	0	0	0	0	0	0	0	0	0	0	0	0	0	0	0	0	0	0	11508	11574	11641	11708	11776	11844	0	0	0	0	0	0	0	0	0	0	0	0	0	0	0	0	0	0	0	0	0	0	0	0	0	0	0	0	0	0	0	0	0	0	0	0	0	0
0	0	0	21	49	84	123	166	213	263	315	369	426	485	546	610	675	740	806	872	939	1007	1075	1144	1212	1280	1346	1410	1474	1536	1595	1652	1707	1759	1810	1858	1903	1945	1986	2027	2068	2109	2149	2189	2229	2269	2309	2350	2394	2443	2496	2550	2606	2665	2726	2788	2853	2921	2991	3064	3139	3216	3293	3371	3449	3528	3609	3690	3772	3854	3937	4021	4105	4191	4277	4364	4451	4539	4627	4715	4804	4893	4982	5071	5161	5251	5341	5431	5522	5613	5704	5795	5887	5979	6071	6163	6256	6349	6442	6535	6628	6721	6814	6907	7000	7093	7186	7279	7371	7463	7555	7648	7740	7832	7923	8014	8105	8196	8287	8378	8468	8557	8644	8728	8812	8894	0	0	0	0	0	0	0	0	0	0	0	0	0	0	0	0	0	0	0	0	0	0	0	0	0	0	0	0	0	0	0	0	0	0	0	0	0	0	0	0	0	0	0	0	0	0	0	0	0	0	0	0	0	0	0	0	0	0	0	0	0	0	0	0	0	0	0	0	0	0	0	0	0	0	0	0	0	0	0	0	0	0	0	0	0	0	0
0	0	0	22	50	85	124	167	214	264	316	370	427	486	547	611	676	741	807	873	940	1008	1076	1145	1213	1281	1347	1411	1475	1537	1596	1653	1708	1760	1811	1859	1904	1946	1987	2028	2069	2110	2150	2190	2230	2270	2310	2351	2395	2444	2497	2551	2607	2666	2727	2789	2854	2922	2992	3065	3140	3217	3294	3372	3450	3529	3610	3691	3773	3855	3938	4022	4106	4192	4278	4365	4452	4540	4628	4716	4805	4894	4983	5072	5162	5252	5342	5432	5523	5614	5705	5796	5888	5980	6072	6164	6257	6350	6443	6536	6629	6722	6815	6908	7001	7094	7187	7280	7372	7464	7556	7649	7741	7833	7924	8015	8106	8197	8288	8379	8469	8558	8645	8729	8813	8895	0	0	0	0	0	0	0	0	0	0	0	0	0	0	0	0	0	0	0	0	0	0	0	0	0	0	0	0	0	0	0	0	0	0	0	0	0	0	0	0	0	0	0	0	0	0	0	0	0	0	0	0	0	0	0	0	0	0	0	0	0	0	0	0	0	0	0	0	0	0	0	0	0	0	0	0	0	0	0	0	0	0	0	0	0	0	0
0	0	0	23	51	86	125	168	215	265	317	371	428	487	548	612	677	742	808	874	941	1009	1077	1146	1214	1282	1348	1412	1476	1538	1597	1654	1709	1761	1812	1860	1905	1947	1988	2029	2070	2111	2151	2191	2231	2271	2311	2352	2396	2445	2498	2552	2608	2667	2728	2790	2855	2923	2993	3066	3141	3218	3295	3373	3451	3530	3611	3692	3774	3856	3939	4023	4107	4193	4279	4366	4453	4541	4629	4717	4806	4895	4984	5073	5163	5253	5343	5433	5524	5615	5706	5797	5889	5981	6073	6165	6258	6351	6444	6537	6630	6723	6816	6909	7002	7095	7188	7281	7373	7465	7557	7650	7742	7834	7925	8016	8107	8198	8289	8380	8470	8559	8646	8730	8814	8896	8972	0	0	0	0	0	0	0	0	0	0	0	0	0	0	0	0	0	0	0	0	0	0	0	0	0	0	0	0	0	0	0	0	0	0	0	0	0	0	0	0	0	0	0	0	0	0	0	0	0	0	0	0	0	0	0	0	0	0	0	0	0	0	0	0	0	0	0	0	0	0	0	0	0	0	0	0	0	0	0	0	0	0	0	0	0	0
0	0	0	24	52	87	126	169	216	266	318	372	429	488	549	613	678	743	809	875	942	1010	1078	1147	1215	1283	1349	1413	1477	1539	1598	1655	1710	1762	1813	1861	1906	1948	1989	2030	2071	2112	2152	2192	2232	2272	2312	2353	2397	2446	2499	2553	2609	2668	2729	2791	2856	2924	2994	3067	3142	3219	3296	3374	3452	3531	3612	3693	3775	3857	3940	4024	4108	4194	4280	4367	4454	4542	4630	4718	4807	4896	4985	5074	5164	5254	5344	5434	5525	5616	5707	5798	5890	5982	6074	6166	6259	6352	6445	6538	6631	6724	6817	6910	7003	7096	7189	7282	7374	7466	7558	7651	7743	7835	7926	8017	8108	8199	8290	8381	8471	8560	8647	8731	8815	8897	8973	0	0	0	0	0	0	0	0	0	0	0	0	0	0	0	0	0	0	0	0	0	0	0	0	0	0	0	0	0	0	0	0	0	0	0	0	0	0	0	0	0	0	0	0	0	0	0	0	0	0	0	0	0	0	0	0	0	0	0	0	0	0	0	0	0	0	0	0	0	0	0	0	0	0	0	0	0	0	0	0	0	0	0	0	0	0
0	0	0	25	53	88	127	170	217	267	319	373	430	489	550	614	679	744	810	876	943	1011	1079	1148	1216	1284	1350	1414	1478	1540	1599	1656	1711	1763	1814	1862	1907	1949	1990	2031	2072	2113	2153	2193	2233	2273	2313	2354	2398	2447	2500	2554	2610	2669	2730	2792	2857	2925	2995	3068	3143	3220	3297	3375	3453	3532	3613	3694	3776	3858	3941	4025	4109	4195	4281	4368	4455	4543	4631	4719	4808	4897	4986	5075	5165	5255	5345	5435	5526	5617	5708	5799	5891	5983	6075	6167	6260	6353	6446	6539	6632	6725	6818	6911	7004	7097	7190	7283	7375	7467	7559	7652	7744	7836	7927	8018	8109	8200	8291	8382	8472	8561	8648	8732	8816	8898	8974	0	0	0	0	0	0	0	0	0	0	0	0	0	0	0	0	0	0	0	0	0	0	0	0	0	0	0	0	0	0	0	0	0	0	0	0	0	0	0	0	0	0	0	0	0	0	0	0	0	0	0	0	0	0	0	0	0	0	0	0	0	0	0	0	0	0	0	0	0	0	0	0	0	0	0	0	0	0	0	0	0	0	0	0	0	0
0	0	7	26	54	89	128	171	218	268	320	374	431	490	551	615	680	745	811	877	944	1012	1080	1149	1217	1285	1351	1415	1479	1541	1600	1657	1712	1764	1815	1863	1908	1950	1991	2032	2073	2114	2154	2194	2234	2274	2314	2355	2399	2448	2501	2555	2611	2670	2731	2793	2858	2926	2996	3069	3144	3221	3298	3376	3454	3533	3614	3695	3777	3859	3942	4026	4110	4196	4282	4369	4456	4544	4632	4720	4809	4898	4987	5076	5166	5256	5346	5436	5527	5618	5709	5800	5892	5984	6076	6168	6261	6354	6447	6540	6633	6726	6819	6912	7005	7098	7191	7284	7376	7468	7560	7653	7745	7837	7928	8019	8110	8201	8292	8383	8473	8562	8649	8733	8817	8899	8975	0	0	0	0	0	0	0	0	0	0	0	0	0	0	0	0	0	0	0	0	0	0	0	0	0	0	0	0	0	0	0	0	0	0	0	0	0	0	0	0	0	0	0	0	0	0	0	0	0	0	0	0	0	0	0	0	0	0	0	0	0	0	0	0	0	0	0	0	0	0	0	0	0	0	0	0	0	0	0	0	0	0	0	0	0	0
0	0	8	27	55	90	129	172	219	269	321	375	432	491	552	616	681	746	812	878	945	1013	1081	1150	1218	1286	1352	1416	1480	1542	1601	1658	1713	1765	1816	1864	1909	1951	1992	2033	2074	2115	2155	2195	2235	2275	2315	2356	2400	2449	2502	2556	2612	2671	2732	2794	2859	2927	2997	3070	3145	3222	3299	3377	3455	3534	3615	3696	3778	3860	3943	4027	4111	4197	4283	4370	4457	4545	4633	4721	4810	4899	4988	5077	5167	5257	5347	5437	5528	5619	5710	5801	5893	5985	6077	6169	6262	6355	6448	6541	6634	6727	6820	6913	7006	7099	7192	7285	7377	7469	7561	7654	7746	7838	7929	8020	8111	8202	8293	8384	8474	8563	8650	8734	8818	8900	8976	0	0	0	0	0	0	0	0	0	0	0	0	0	0	0	0	0	0	0	0	0	0	0	0	0	0	0	0	0	0	0	0	0	0	0	0	0	0	0	0	0	0	0	0	0	0	0	0	0	0	0	0	0	0	0	0	0	0	0	0	0	0	0	0	0	0	0	0	0	0	0	0	0	0	0	0	0	0	0	0	0	0	0	0	0	0
0	0	9	28	56	91	130	173	220	270	322	376	433	492	553	617	682	747	813	879	946	1014	1082	1151	1219	1287	1353	1417	1481	1543	1602	1659	1714	1766	1817	1865	1910	1952	1993	2034	2075	2116	2156	2196	2236	2276	2316	2357	2401	2450	2503	2557	2613	2672	2733	2795	2860	2928	2998	3071	3146	3223	3300	3378	3456	3535	3616	3697	3779	3861	3944	4028	4112	4198	4284	4371	4458	4546	4634	4722	4811	4900	4989	5078	5168	5258	5348	5438	5529	5620	5711	5802	5894	5986	6078	6170	6263	6356	6449	6542	6635	6728	6821	6914	7007	7100	7193	7286	7378	7470	7562	7655	7747	7839	7930	8021	8112	8203	8294	8385	8475	8564	8651	8735	8819	8901	8977	9046	0	0	0	0	0	0	0	0	0	0	0	0	0	0	0	0	0	0	0	0	0	0	0	0	0	0	0	0	0	0	0	0	0	0	0	0	0	0	0	0	0	0	0	0	0	0	0	0	0	0	0	0	0	0	0	0	0	0	0	0	0	0	0	0	0	0	0	0	0	0	0	0	0	0	0	0	0	0	0	0	0	0	0	0	0
0	0	10	29	57	92	131	174	221	271	323	377	434	493	554	618	683	748	814	880	947	1015	1083	1152	1220	1288	1354	1418	1482	1544	1603	1660	1715	1767	1818	1866	1911	1953	1994	2035	2076	2117	2157	2197	2237	2277	2317	2358	2402	2451	2504	2558	2614	2673	2734	2796	2861	2929	2999	3072	3147	3224	3301	3379	3457	3536	3617	3698	3780	3862	3945	4029	4113	4199	4285	4372	4459	4547	4635	4723	4812	4901	4990	5079	5169	5259	5349	5439	5530	5621	5712	5803	5895	5987	6079	6171	6264	6357	6450	6543	6636	6729	6822	6915	7008	7101	7194	7287	7379	7471	7563	7656	7748	7840	7931	8022	8113	8204	8295	8386	8476	8565	8652	8736	8820	8902	8978	9047	0	0	0	0	0	0	0	0	0	0	0	0	0	0	0	0	0	0	0	0	0	0	0	0	0	0	0	0	0	0	0	0	0	0	0	0	0	0	0	0	0	0	0	0	0	0	0	0	0	0	0	0	0	0	0	0	0	0	0	0	0	0	0	0	0	0	0	0	0	0	0	0	0	0	0	0	0	0	0	0	0	0	0	0	0
0	1	11	30	58	93	132	175	222	272	324	378	435	494	555	619	684	749	815	881	948	1016	1084	0	0	1289	1355	1419	1483	1545	1604	1661	1716	1768	1819	1867	1912	1954	1995	2036	2077	2118	2158	2198	2238	2278	2318	2359	2403	2452	2505	2559	2615	2674	2735	2797	2862	2930	3000	3073	3148	3225	3302	3380	3458	3537	3618	3699	3781	3863	3946	4030	4114	4200	4286	4373	4460	4548	4636	4724	4813	4902	4991	5080	5170	5260	5350	5440	5531	5622	5713	5804	5896	5988	6080	6172	6265	6358	6451	6544	6637	6730	6823	6916	7009	7102	7195	7288	7380	7472	7564	7657	7749	7841	7932	8023	8114	8205	8296	8387	8477	8566	8653	8737	8821	8903	8979	9048	0	0	0	0	0	0	0	0	0	0	0	0	0	0	0	0	0	0	0	0	0	0	0	0	0	0	0	0	0	0	0	0	0	0	0	0	0	0	0	0	0	0	0	0	0	0	0	0	0	0	0	0	0	0	0	0	0	0	0	0	0	0	0	0	0	0	0	0	0	0	0	0	0	0	0	0	0	0	0	0	0	0	0	0	0
0	2	12	31	59	94	133	176	223	273	325	379	436	495	556	620	685	750	816	882	949	1017	1085	1153	1221	0	0	1420	1484	1546	1605	1662	1717	1769	1820	1868	1913	1955	1996	2037	2078	2119	2159	2199	2239	2279	2319	2360	2404	2453	2506	2560	2616	2675	2736	2798	2863	2931	3001	3074	3149	3226	3303	3381	3459	3538	3619	3700	3782	3864	3947	4031	4115	4201	4287	4374	4461	4549	4637	4725	4814	4903	4992	5081	5171	5261	5351	5441	5532	5623	5714	5805	5897	5989	6081	6173	6266	6359	6452	6545	6638	6731	6824	6917	7010	7103	7196	7289	7381	7473	7565	7658	7750	7842	7933	8024	8115	8206	8297	8388	8478	8567	8654	8738	8822	8904	8980	9049	0	0	0	0	0	0	0	0	0	0	0	0	0	0	0	0	0	0	0	0	0	0	0	0	0	0	0	0	0	0	0	0	0	0	0	0	0	0	0	0	0	0	0	0	0	0	0	0	0	0	0	0	0	0	0	0	0	0	0	0	0	0	0	0	0	0	0	0	0	0	0	0	0	0	0	0	0	0	0	0	0	0	0	0	0
0	3	13	32	60	95	134	177	224	274	326	380	437	496	557	621	686	751	817	883	950	1018	1086	1154	1222	0	0	0	0	0	1606	1663	1718	1770	1821	1869	1914	1956	1997	2038	2079	2120	2160	2200	2240	0	0	0	0	2454	2507	2561	2617	2676	2737	2799	2864	2932	3002	3075	3150	3227	3304	3382	3460	3539	3620	3701	3783	3865	3948	4032	4116	4202	4288	4375	4462	4550	4638	4726	4815	4904	4993	5082	5172	5262	5352	5442	5533	5624	5715	5806	5898	5990	6082	6174	6267	6360	6453	6546	6639	6732	6825	6918	7011	7104	7197	7290	7382	7474	7566	7659	7751	7843	7934	8025	8116	8207	8298	8389	8479	8568	8655	8739	8823	8905	8981	9050	0	0	0	0	0	0	0	0	0	0	0	0	0	0	0	0	0	0	0	0	0	0	0	0	0	0	0	0	0	0	0	0	0	0	0	0	0	0	0	0	0	0	0	0	0	0	0	0	0	0	0	0	0	0	0	0	0	0	0	0	0	0	0	0	0	0	0	0	0	0	0	0	0	0	0	0	0	0	0	0	0	0	0	0	0
0	4	14	33	61	96	135	178	225	275	327	381	438	497	558	622	687	752	818	884	951	1019	1087	1155	1223	1290	0	0	0	0	0	0	0	1771	1822	1870	1915	1957	1998	2039	2080	0	0	0	0	0	0	0	2405	2455	2508	2562	2618	2677	2738	2800	2865	2933	3003	3076	3151	3228	3305	3383	3461	3540	3621	3702	3784	3866	3949	4033	4117	4203	4289	4376	4463	4551	4639	4727	4816	4905	4994	5083	5173	5263	5353	5443	5534	5625	5716	5807	5899	5991	6083	6175	6268	6361	6454	6547	6640	6733	6826	6919	7012	7105	7198	7291	7383	7475	7567	7660	7752	7844	7935	8026	8117	8208	8299	8390	8480	8569	8656	8740	8824	8906	8982	9051	0	0	0	0	0	0	0	0	0	0	0	0	0	0	0	0	0	0	0	0	0	0	0	0	0	0	0	0	0	0	0	0	0	0	0	0	0	0	0	0	0	0	0	0	0	0	0	0	0	0	0	0	0	0	0	0	0	0	0	0	0	0	0	0	0	0	0	0	0	0	0	0	0	0	0	0	0	0	0	0	0	0	0	0	0
0	5	15	34	62	97	136	179	226	276	328	382	439	498	559	623	688	753	819	885	952	1020	1088	1156	1224	1291	1356	1421	0	0	0	0	0	0	0	1871	1916	0	0	0	0	0	0	0	0	0	0	0	2406	2456	2509	2563	2619	2678	2739	2801	2866	2934	3004	3077	3152	3229	3306	3384	3462	3541	3622	3703	3785	3867	3950	4034	4118	4204	4290	4377	4464	4552	4640	4728	4817	4906	4995	5084	5174	5264	5354	5444	5535	5626	5717	5808	5900	5992	6084	6176	6269	6362	6455	6548	6641	6734	6827	6920	7013	7106	7199	7292	7384	7476	7568	7661	7753	7845	7936	8027	8118	8209	8300	8391	8481	8570	8657	8741	8825	8907	8983	9052	9114	0	0	0	0	0	0	0	0	0	0	0	0	0	0	0	0	0	0	0	0	0	0	0	0	0	0	0	0	0	0	0	0	0	0	0	0	0	0	0	0	0	0	0	0	0	0	0	0	0	0	0	0	0	0	0	0	0	0	0	0	0	0	0	0	0	0	0	0	0	0	0	0	0	0	0	0	0	0	0	0	0	0	0	0
0	6	16	35	63	98	137	180	227	277	329	383	440	499	560	624	689	754	820	886	953	1021	1089	1157	1225	1292	1357	1422	1485	0	0	0	0	0	0	0	0	0	0	0	0	0	0	0	0	0	0	0	2407	2457	2510	2564	2620	2679	2740	2802	2867	2935	3005	3078	3153	3230	3307	3385	3463	3542	3623	3704	3786	3868	3951	4035	4119	4205	4291	4378	4465	4553	4641	4729	4818	4907	4996	5085	5175	5265	5355	5445	5536	5627	5718	5809	5901	5993	6085	6177	6270	6363	6456	6549	6642	6735	6828	6921	7014	7107	7200	7293	7385	7477	7569	7662	7754	7846	7937	8028	8119	8210	8301	8392	8482	8571	8658	8742	8826	8908	8984	9053	9115	0	0	0	0	0	0	0	0	0	0	0	0	0	0	0	0	0	0	0	0	0	0	0	0	0	0	0	0	0	0	0	0	0	0	0	0	0	0	0	0	0	0	0	0	0	0	0	0	0	0	0	0	0	0	0	0	0	0	0	0	0	0	0	0	0	0	0	0	0	0	0	0	0	0	0	0	0	0	0	0	0	0	0	0
0	0	17	36	64	99	138	181	228	278	330	384	441	500	561	625	690	755	821	887	954	1022	1090	1158	1226	1293	1358	1423	1486	1547	0	0	0	0	0	0	0	0	0	0	0	0	0	0	0	0	0	2361	2408	2458	2511	2565	2621	2680	2741	2803	2868	2936	3006	3079	3154	3231	3308	3386	3464	3543	3624	3705	3787	3869	3952	4036	4120	4206	4292	4379	4466	4554	4642	4730	4819	4908	4997	5086	5176	5266	5356	5446	5537	5628	5719	5810	5902	5994	6086	6178	6271	6364	6457	6550	6643	6736	6829	6922	7015	7108	7201	7294	7386	7478	7570	7663	7755	7847	7938	8029	8120	8211	8302	8393	8483	8572	8659	8743	8827	8909	8985	9054	9116	0	0	0	0	0	0	0	0	0	0	0	0	0	0	0	0	0	0	0	0	0	0	0	0	0	0	0	0	0	0	0	0	0	0	0	0	0	0	0	0	0	0	0	0	0	0	0	0	0	0	0	0	0	0	0	0	0	0	0	0	0	0	0	0	0	0	0	0	0	0	0	0	0	0	0	0	0	0	0	0	0	0	0	0
0	0	18	37	65	100	139	182	229	279	331	385	442	501	562	626	691	756	822	888	955	1023	1091	1159	1227	1294	1359	1424	1487	1548	1607	0	0	0	0	0	0	0	0	0	0	0	0	0	0	0	0	2362	2409	2459	2512	2566	2622	2681	2742	2804	2869	2937	3007	3080	3155	3232	3309	3387	3465	3544	3625	3706	3788	3870	3953	4037	4121	4207	4293	4380	4467	4555	4643	4731	4820	4909	4998	5087	5177	5267	5357	5447	5538	5629	5720	5811	5903	5995	6087	6179	6272	6365	6458	6551	6644	6737	6830	6923	7016	7109	7202	7295	7387	7479	7571	7664	7756	7848	7939	8030	8121	8212	8303	8394	8484	8573	8660	8744	8828	8910	8986	9055	9117	0	0	0	0	0	0	0	0	0	0	0	0	0	0	0	0	0	0	0	0	0	0	0	0	0	0	0	0	0	0	0	0	0	0	0	0	0	0	0	0	0	0	0	0	0	0	0	0	0	0	0	0	0	0	0	0	0	0	0	0	0	0	0	0	0	0	0	0	0	0	0	0	0	0	0	0	0	0	0	0	0	0	0	0
0	0	19	38	66	101	140	183	230	280	332	386	443	502	563	627	692	757	823	889	956	1024	1092	1160	1228	1295	1360	1425	1488	1549	1608	1664	0	0	0	0	0	0	0	0	0	0	0	0	0	0	0	2363	2410	2460	2513	2567	2623	2682	2743	2805	2870	2938	3008	3081	3156	3233	3310	3388	3466	3545	3626	3707	3789	3871	3954	4038	4122	4208	4294	4381	4468	4556	4644	4732	4821	4910	4999	5088	5178	5268	5358	5448	5539	5630	5721	5812	5904	5996	6088	6180	6273	6366	6459	6552	6645	6738	6831	6924	7017	7110	7203	7296	7388	7480	7572	7665	7757	7849	7940	8031	8122	8213	8304	8395	8485	8574	8661	8745	8829	8911	8987	9056	9118	0	0	0	0	0	0	0	0	0	0	0	0	0	0	0	0	0	0	0	0	0	0	0	0	0	0	0	0	0	0	0	0	0	0	0	0	0	0	0	0	0	0	0	0	0	0	0	0	0	0	0	0	0	0	0	0	0	0	0	0	0	0	0	0	0	0	0	0	0	0	0	0	0	0	0	0	0	0	0	0	0	0	0	0
0	0	20	39	67	102	141	184	231	281	333	387	444	503	564	628	693	758	824	890	957	1025	1093	1161	1229	1296	1361	1426	1489	1550	1609	1665	1719	0	0	0	0	0	0	0	0	0	0	0	0	0	0	0	2411	2461	2514	2568	2624	2683	2744	2806	2871	2939	3009	3082	3157	3234	3311	3389	3467	3546	3627	3708	3790	3872	3955	4039	4123	4209	4295	4382	4469	4557	4645	4733	4822	4911	5000	5089	5179	5269	5359	5449	5540	5631	5722	5813	5905	5997	6089	6181	6274	6367	6460	6553	6646	6739	6832	6925	7018	7111	7204	7297	7389	7481	7573	7666	7758	7850	7941	8032	8123	8214	8305	8396	8486	8575	8662	8746	8830	8912	8988	9057	9119	0	0	0	0	0	0	0	0	0	0	0	0	0	0	0	0	0	0	0	0	0	0	0	0	0	0	0	0	0	0	0	0	0	0	0	0	0	0	0	0	0	0	0	0	0	0	0	0	0	0	0	0	0	0	0	0	0	0	0	0	0	0	0	0	0	0	0	0	0	0	0	0	0	0	0	0	0	0	0	0	0	0	0	0
0	0	0	40	68	103	142	185	232	282	334	388	445	504	565	629	694	759	825	891	958	1026	1094	1162	1230	1297	1362	1427	1490	1551	1610	1666	1720	1772	0	0	0	0	0	0	0	0	0	0	0	0	0	0	0	2462	2515	2569	2625	2684	2745	2807	2872	2940	3010	3083	3158	3235	3312	3390	3468	3547	3628	3709	3791	3873	3956	4040	4124	4210	4296	4383	4470	4558	4646	4734	4823	4912	5001	5090	5180	5270	5360	5450	5541	5632	5723	5814	5906	5998	6090	6182	6275	6368	6461	6554	6647	6740	6833	6926	7019	7112	7205	7298	7390	7482	7574	7667	7759	7851	7942	8033	8124	8215	8306	8397	8487	8576	8663	8747	8831	8913	8989	9058	9120	0	0	0	0	0	0	0	0	0	0	0	0	0	0	0	0	0	0	0	0	0	0	0	0	0	0	0	0	0	0	0	0	0	0	0	0	0	0	0	0	0	0	0	0	0	0	0	0	0	0	0	0	0	0	0	0	0	0	0	0	0	0	0	0	0	0	0	0	0	0	0	0	0	0	0	0	0	0	0	0	0	0	0	0
0	0	0	41	69	104	143	186	233	283	335	389	446	505	566	630	695	760	826	892	959	1027	1095	1163	1231	1298	1363	1428	1491	1552	1611	1667	1721	1773	1823	0	0	0	0	0	0	0	0	0	0	0	0	0	0	2463	2516	2570	2626	2685	2746	2808	2873	2941	3011	3084	3159	3236	3313	3391	3469	3548	3629	3710	3792	3874	3957	4041	4125	4211	4297	4384	4471	4559	4647	4735	4824	4913	5002	5091	5181	5271	5361	5451	5542	5633	5724	5815	5907	5999	6091	6183	6276	6369	6462	6555	6648	6741	6834	6927	7020	7113	7206	7299	7391	7483	7575	7668	7760	7852	7943	8034	8125	8216	8307	8398	8488	8577	8664	8748	8832	8914	8990	9059	9121	9174	0	0	0	0	0	0	0	0	0	0	0	0	0	0	0	0	0	0	0	0	0	0	0	0	0	0	0	0	0	0	0	0	0	0	0	0	0	0	0	0	0	0	0	0	0	0	0	0	0	0	0	0	0	0	0	0	0	0	0	0	0	0	0	0	0	0	0	0	0	0	0	0	0	0	0	0	0	0	0	0	0	0	0
0	0	0	42	70	105	144	187	234	284	336	390	447	506	567	631	696	761	827	893	960	1028	1096	1164	1232	1299	1364	1429	1492	1553	1612	1668	1722	1774	1824	1872	0	0	0	0	0	0	0	0	0	0	0	0	0	0	2517	2571	2627	2686	2747	2809	2874	2942	3012	3085	3160	3237	3314	3392	3470	3549	3630	3711	3793	3875	3958	4042	4126	4212	4298	4385	4472	4560	4648	4736	4825	4914	5003	5092	5182	5272	5362	5452	5543	5634	5725	5816	5908	6000	6092	6184	6277	6370	6463	6556	6649	6742	6835	6928	7021	7114	7207	7300	7392	7484	7576	7669	7761	7853	7944	8035	8126	8217	8308	8399	8489	8578	8665	8749	8833	8915	8991	9060	9122	9175	0	0	0	0	0	0	0	0	0	0	0	0	0	0	0	0	0	0	0	0	0	0	0	0	0	0	0	0	0	0	0	0	0	0	0	0	0	0	0	0	0	0	0	0	0	0	0	0	0	0	0	0	0	0	0	0	0	0	0	0	0	0	0	0	0	0	0	0	0	0	0	0	0	0	0	0	0	0	0	0	0	0	0
0	0	0	43	71	106	145	188	235	285	337	391	448	507	568	632	697	762	828	894	961	1029	1097	1165	1233	1300	1365	1430	1493	1554	1613	1669	1723	1775	1825	1873	0	0	0	0	0	0	0	0	0	0	0	0	0	0	0	2572	2628	2687	2748	2810	2875	2943	3013	3086	3161	3238	3315	3393	3471	3550	3631	3712	3794	3876	3959	4043	4127	4213	4299	4386	4473	4561	4649	4737	4826	4915	5004	5093	5183	5273	5363	5453	5544	5635	5726	5817	5909	6001	6093	6185	6278	6371	6464	6557	6650	6743	6836	6929	7022	7115	7208	7301	7393	7485	7577	7670	7762	7854	7945	8036	8127	8218	8309	8400	8490	8579	8666	8750	8834	8916	8992	9061	0	0	0	0	0	0	0	0	0	0	0	0	0	0	0	0	0	0	0	0	0	0	0	0	0	0	0	0	0	0	0	0	0	0	0	0	0	0	0	0	0	0	0	0	0	0	0	0	0	0	0	0	0	0	0	0	0	0	0	0	0	0	0	0	0	0	0	0	0	0	0	0	0	0	0	0	0	0	0	0	0	0	0	0	0
0	0	0	0	72	107	146	189	236	286	338	392	449	508	569	633	698	763	829	895	962	1030	1098	1166	1234	1301	1366	1431	1494	1555	1614	1670	1724	1776	1826	1874	0	0	0	0	0	0	0	0	0	0	0	0	0	0	0	0	2629	2688	2749	2811	2876	2944	3014	3087	3162	3239	3316	3394	3472	3551	3632	3713	3795	3877	3960	4044	4128	4214	4300	4387	4474	4562	4650	4738	4827	4916	5005	5094	5184	5274	5364	5454	5545	5636	5727	5818	5910	6002	6094	6186	6279	6372	6465	6558	6651	6744	6837	6930	7023	7116	7209	7302	7394	7486	7578	7671	7763	7855	7946	8037	8128	8219	8310	8401	8491	8580	8667	8751	8835	8917	8993	0	0	0	0	0	0	0	0	0	0	0	0	0	0	0	0	0	0	0	0	0	0	0	0	0	0	0	0	0	0	0	0	0	0	0	0	0	0	0	0	0	0	0	0	0	0	0	0	0	0	0	0	0	0	0	0	0	0	0	0	0	0	0	0	0	0	0	0	0	0	0	0	0	0	0	0	0	0	0	0	0	0	0	0	0	0
0	0	0	0	73	108	147	190	237	287	339	393	450	509	570	634	699	764	830	896	963	1031	1099	1167	1235	1302	1367	1432	1495	1556	1615	1671	1725	1777	1827	0	0	0	0	0	0	0	0	0	0	0	0	0	0	0	0	0	2630	2689	2750	2812	2877	2945	3015	3088	3163	3240	3317	3395	3473	3552	3633	3714	3796	3878	3961	4045	4129	4215	4301	4388	4475	4563	4651	4739	4828	4917	5006	5095	5185	5275	5365	5455	5546	5637	5728	5819	5911	6003	6095	6187	6280	6373	6466	6559	6652	6745	6838	6931	7024	7117	7210	7303	7395	7487	7579	7672	7764	7856	7947	8038	8129	8220	8311	8402	8492	8581	8668	8752	8836	8918	0	0	0	0	0	0	0	0	0	0	0	0	0	0	0	0	0	0	0	0	0	0	0	0	0	0	0	0	0	0	0	0	0	0	0	0	0	0	0	0	0	0	0	0	0	0	0	0	0	0	0	0	0	0	0	0	0	0	0	0	0	0	0	0	0	0	0	0	0	0	0	0	0	0	0	0	0	0	0	0	0	0	0	0	0	0	0
0	0	0	0	74	109	148	191	238	288	340	394	451	510	571	635	700	765	831	897	964	1032	1100	1168	1236	1303	1368	1433	1496	1557	1616	1672	1726	1778	1828	0	0	0	0	0	0	0	0	0	0	0	0	0	0	0	0	0	0	2690	2751	2813	2878	2946	3016	3089	3164	3241	3318	3396	3474	3553	3634	3715	3797	3879	3962	4046	4130	4216	4302	4389	4476	4564	4652	4740	4829	4918	5007	5096	5186	5276	5366	5456	5547	5638	5729	5820	5912	6004	6096	6188	6281	6374	6467	6560	6653	6746	6839	6932	7025	7118	7211	7304	7396	7488	7580	7673	7765	7857	7948	8039	8130	8221	8312	8403	8493	8582	8669	8753	0	0	0	0	0	0	0	0	0	0	0	0	0	0	0	0	0	0	0	0	0	0	0	0	0	0	0	0	0	0	0	0	0	0	0	0	0	0	0	0	0	0	0	0	0	0	0	0	0	0	0	0	0	0	0	0	0	0	0	0	0	0	0	0	0	0	0	0	0	0	0	0	0	0	0	0	0	0	0	0	0	0	0	0	0	0	0	0	0
0	0	0	0	0	110	149	192	239	289	341	395	452	511	572	636	701	766	832	898	965	1033	1101	1169	1237	1304	1369	1434	1497	1558	1617	1673	1727	1779	1829	0	0	0	0	0	0	0	0	0	0	0	0	0	0	0	0	0	0	0	2752	2814	2879	2947	3017	3090	3165	3242	3319	3397	3475	3554	3635	3716	3798	3880	3963	4047	4131	4217	4303	4390	4477	4565	4653	4741	4830	4919	5008	5097	5187	5277	5367	5457	5548	5639	5730	5821	5913	6005	6097	6189	6282	6375	6468	6561	6654	6747	6840	6933	7026	7119	7212	7305	7397	7489	7581	7674	7766	7858	7949	8040	8131	8222	8313	8404	8494	8583	0	0	0	0	0	0	0	0	0	0	0	0	0	0	0	0	0	0	0	0	0	0	0	0	0	0	0	0	0	0	0	0	0	0	0	0	0	0	0	0	0	0	0	0	0	0	0	0	0	0	0	0	0	0	0	0	0	0	0	0	0	0	0	0	0	0	0	0	0	0	0	0	0	0	0	0	0	0	0	0	0	0	0	0	0	0	0	0	0	0	0
0	0	0	0	0	111	150	193	240	290	342	396	453	512	573	637	702	767	833	899	966	1034	1102	1170	1238	1305	1370	1435	1498	1559	1618	1674	1728	1780	0	0	0	0	0	0	0	0	0	0	0	0	0	0	0	0	0	0	0	0	0	2815	2880	2948	3018	3091	3166	3243	3320	3398	3476	3555	3636	3717	3799	3881	3964	4048	4132	4218	4304	4391	4478	4566	4654	4742	4831	4920	5009	5098	5188	5278	5368	5458	5549	5640	5731	5822	5914	6006	6098	6190	6283	6376	6469	6562	6655	6748	6841	6934	7027	7120	7213	7306	7398	7490	7582	7675	7767	7859	7950	8041	8132	8223	8314	8405	8495	0	0	0	0	0	0	0	0	0	0	0	0	0	0	0	0	0	0	0	0	0	0	0	0	0	0	0	0	0	0	0	0	0	0	0	0	0	0	0	0	0	0	0	0	0	0	0	0	0	0	0	0	0	0	0	0	0	0	0	0	0	0	0	0	0	0	0	0	0	0	0	0	0	0	0	0	0	0	0	0	0	0	0	0	0	0	0	0	0	0	0	0
0	0	0	0	0	112	151	194	241	291	343	397	454	513	574	638	703	768	834	900	967	1035	1103	1171	1239	1306	1371	1436	1499	1560	1619	1675	1729	1781	0	0	0	0	0	0	0	0	0	0	0	0	0	0	0	0	0	0	0	0	0	0	2881	2949	3019	3092	3167	3244	3321	3399	3477	3556	3637	3718	3800	3882	3965	4049	4133	4219	4305	4392	4479	4567	4655	4743	4832	4921	5010	5099	5189	5279	5369	5459	5550	5641	5732	5823	5915	6007	6099	6191	6284	6377	6470	6563	6656	6749	6842	6935	7028	7121	7214	7307	7399	7491	7583	7676	7768	7860	7951	8042	8133	8224	8315	0	0	0	0	0	0	0	0	0	0	0	0	0	0	0	0	0	0	0	0	0	0	0	0	0	0	0	0	0	0	0	0	0	0	0	0	0	0	0	0	0	0	0	0	0	0	0	0	0	0	0	0	0	0	0	0	0	0	0	0	0	0	0	0	0	0	0	0	0	0	0	0	0	0	0	0	0	0	0	0	0	0	0	0	0	0	0	0	0	0	0	0	0	0
0	0	0	0	0	113	152	195	242	292	344	398	455	514	575	639	704	769	835	901	968	1036	1104	1172	1240	1307	1372	1437	1500	1561	1620	1676	1730	0	0	0	0	0	0	0	0	0	0	0	0	0	0	0	0	0	0	0	0	0	0	0	0	0	3020	3093	3168	3245	3322	3400	3478	3557	3638	3719	3801	3883	3966	4050	4134	4220	4306	4393	4480	4568	4656	4744	4833	4922	5011	5100	5190	5280	5370	5460	5551	5642	5733	5824	5916	6008	6100	6192	6285	6378	6471	6564	6657	6750	6843	6936	7029	7122	7215	7308	7400	7492	7584	7677	7769	7861	7952	0	0	0	0	0	0	0	0	0	0	0	0	0	0	0	0	0	0	0	0	0	0	0	0	0	0	0	0	0	0	0	0	0	0	0	0	0	0	0	0	0	0	0	0	0	0	0	0	0	0	0	0	0	0	0	0	0	0	0	0	0	0	0	0	0	0	0	0	0	0	0	0	0	0	0	0	0	0	0	0	0	0	0	0	0	0	0	0	0	0	0	0	0	0	0	0	0	0
0	0	0	0	0	0	153	196	243	293	345	399	456	515	576	640	705	770	836	902	969	1037	1105	1173	1241	1308	1373	1438	1501	1562	1621	1677	1731	0	0	0	0	0	0	0	0	0	0	0	0	0	0	0	0	0	0	0	0	0	0	0	0	0	0	0	0	0	0	0	0	3558	3639	3720	3802	3884	3967	4051	4135	4221	4307	4394	4481	4569	4657	4745	4834	4923	5012	5101	5191	5281	5371	5461	5552	5643	5734	5825	5917	6009	6101	6193	6286	6379	6472	6565	6658	6751	6844	6937	7030	7123	7216	7309	7401	7493	7585	0	0	0	0	0	0	0	0	0	0	0	0	0	0	0	0	0	0	0	0	0	0	0	0	0	0	0	0	0	0	0	0	0	0	0	0	0	0	0	0	0	0	0	0	0	0	0	0	0	0	0	0	0	0	0	0	0	0	0	0	0	0	0	0	0	0	0	0	0	0	0	0	0	0	0	0	0	0	0	0	0	0	0	0	0	0	0	0	0	0	0	0	0	0	0	0	0	0	0	0	0	0
0	0	0	0	0	0	154	197	244	294	346	400	457	516	577	641	706	771	837	903	970	1038	1106	1174	1242	1309	1374	1439	1502	1563	1622	1678	0	0	0	0	0	0	0	0	0	0	0	0	0	0	0	0	0	0	0	0	0	0	0	0	0	0	0	0	0	0	0	0	0	0	0	0	0	0	0	0	4136	4222	4308	4395	4482	4570	4658	4746	4835	4924	5013	5102	5192	5282	5372	5462	5553	5644	5735	5826	5918	6010	6102	6194	6287	6380	6473	6566	6659	6752	6845	6938	7031	7124	7217	0	0	0	0	0	0	0	0	0	0	0	0	0	0	0	0	0	0	0	0	0	0	0	0	0	0	0	0	0	0	0	0	0	0	0	0	0	0	0	0	0	0	0	0	0	0	0	0	0	0	0	0	0	0	0	0	0	0	0	0	0	0	0	0	0	0	0	0	0	0	0	0	0	0	0	0	0	0	0	0	0	0	0	0	0	0	0	0	0	0	0	0	0	0	0	0	0	0	0	0	0	0	0	0	0	0
0	0	0	0	0	0	155	198	245	295	347	401	458	517	578	642	707	772	838	904	971	1039	1107	1175	1243	1310	1375	1440	1503	1564	1623	1679	0	0	0	0	0	0	0	0	0	0	0	0	0	0	0	0	0	0	0	0	0	0	0	0	0	0	0	0	0	0	0	0	0	0	0	0	0	0	0	0	0	0	0	0	0	0	0	0	0	0	0	0	0	0	0	0	0	0	0	0	0	0	0	0	0	0	0	0	0	0	0	0	0	0	0	0	0	0	0	0	0	0	0	0	0	0	0	0	0	0	0	0	0	0	0	0	0	0	0	0	0	0	0	0	0	0	0	0	0	0	0	0	0	0	0	0	0	0	0	0	0	0	0	0	0	0	0	0	0	0	0	0	0	0	0	0	0	0	0	0	0	0	0	0	0	0	0	0	0	0	0	0	0	0	0	0	0	0	0	0	0	0	0	0	0	0	0	0	0	0	0	0	0	0	0	0	0	0	0	0	0
0	0	0	0	0	0	0	199	246	296	348	402	459	518	579	643	708	773	839	905	972	1040	1108	1176	1244	1311	1376	1441	1504	1565	1624	0	0	0	0	0	0	0	0	0	0	0	0	0	0	0	0	0	0	0	0	0	0	0	0	0	0	0	0	0	0	0	0	0	0	0	0	0	0	0	0	0	0	0	0	0	0	0	0	0	0	0	0	0	0	0	0	0	0	0	0	0	0	0	0	0	0	0	0	0	0	0	0	0	0	0	0	0	0	0	0	0	0	0	0	0	0	0	0	0	0	0	0	0	0	0	0	0	0	0	0	0	0	0	0	0	0	0	0	0	0	0	0	0	0	0	0	0	0	0	0	0	0	0	0	0	0	0	0	0	0	0	0	0	0	0	0	0	0	0	0	0	0	0	0	0	0	0	0	0	0	0	0	0	0	0	0	0	0	0	0	0	0	0	0	0	0	0	0	0	0	0	0	0	0	0	0	0	0	0	0	0	0
0	0	0	0	0	0	0	200	247	297	349	403	460	519	580	644	709	774	840	906	973	1041	1109	1177	1245	1312	1377	1442	1505	1566	0	0	0	0	0	0	0	0	0	0	0	0	0	0	0	0	0	0	0	0	0	0	0	0	0	0	0	0	0	0	0	0	0	0	0	0	0	0	0	0	0	0	0	0	0	0	0	0	0	0	0	0	0	0	0	0	0	0	0	0	0	0	0	0	0	0	0	0	0	0	0	0	0	0	0	0	0	0	0	0	0	0	0	0	0	0	0	0	0	0	0	0	0	0	0	0	0	0	0	0	0	0	0	0	0	0	0	0	0	0	0	0	0	0	0	0	0	0	0	0	0	0	0	0	0	0	0	0	0	0	0	0	0	0	0	0	0	0	0	0	0	0	0	0	0	0	0	0	0	0	0	0	0	0	0	0	0	0	0	0	0	0	0	0	0	0	0	0	0	0	0	0	0	0	0	0	0	0	0	0	0	0	0
0	0	0	0	0	0	0	201	248	298	350	404	461	520	581	645	710	775	841	907	974	1042	1110	1178	1246	1313	1378	1443	1506	1567	0	0	0	0	0	0	0	0	0	0	0	0	0	0	0	0	0	0	0	0	0	0	0	0	0	0	0	0	0	0	0	0	0	0	0	0	0	0	0	0	0	0	0	0	0	0	0	0	0	0	0	0	0	0	0	0	0	0	0	0	0	0	0	0	0	0	0	0	0	0	0	0	0	0	0	0	0	0	0	0	0	0	0	0	0	0	0	0	0	0	0	0	0	0	0	0	0	0	0	0	0	0	0	0	0	0	0	0	0	0	0	0	0	0	0	0	0	0	0	0	0	0	0	0	0	0	0	0	0	0	0	0	0	0	0	0	0	0	0	0	0	0	0	0	0	0	0	0	0	0	0	0	0	0	0	0	0	0	0	0	0	0	0	0	0	0	0	0	0	0	0	0	0	0	0	0	0	0	0	0	0	0	0
0	0	0	0	0	0	0	0	249	299	351	405	462	521	582	646	711	776	842	908	975	1043	1111	1179	1247	1314	1379	1444	1507	0	0	0	0	0	0	0	0	0	0	0	0	0	0	0	0	0	0	0	0	0	0	0	0	0	0	0	0	0	0	0	0	0	0	0	0	0	0	0	0	0	0	0	0	0	0	0	0	0	0	0	0	0	0	0	0	0	0	0	0	0	0	0	0	0	0	0	0	0	0	0	0	0	0	0	0	0	0	0	0	0	0	0	0	0	0	0	0	0	0	0	0	0	0	0	0	0	0	0	0	0	0	0	0	0	0	0	0	0	0	0	0	0	0	0	0	0	0	0	0	0	0	0	0	0	0	0	0	0	0	0	0	0	0	0	0	0	0	0	0	0	0	0	0	0	0	0	0	0	0	0	0	0	0	0	0	0	0	0	0	0	0	0	0	0	0	0	0	0	0	0	0	0	0	0	0	0	0	0	0	0	0	0	0
0	0	0	0	0	0	0	0	250	300	352	406	463	522	583	647	712	777	843	909	976	1044	1112	1180	1248	1315	1380	1445	1508	0	0	0	0	0	0	0	0	0	0	0	0	0	0	0	0	0	0	0	0	0	0	0	0	0	0	0	0	0	0	0	0	0	0	0	0	0	0	0	0	0	0	0	0	0	0	0	0	0	0	0	0	0	0	0	0	0	0	0	0	0	0	0	0	0	0	0	0	0	0	0	0	0	0	0	0	0	0	0	0	0	0	0	0	0	0	0	0	0	0	0	0	0	0	0	0	0	0	0	0	0	0	0	0	0	0	0	0	0	0	0	0	0	0	0	0	0	0	0	0	0	0	0	0	0	0	0	0	0	0	0	0	0	0	0	0	0	0	0	0	0	0	0	0	0	0	0	0	0	0	0	0	0	0	0	0	0	0	0	0	0	0	0	0	0	0	0	0	0	0	0	0	0	0	0	0	0	0	0	0	0	0	0	0
0	0	0	0	0	0	0	0	0	301	353	407	464	523	584	648	713	778	844	910	977	1045	1113	1181	1249	1316	1381	1446	0	0	0	0	0	0	0	0	0	0	0	0	0	0	0	0	0	0	0	0	0	0	0	0	0	0	0	0	0	0	0	0	0	0	0	0	0	0	0	0	0	0	0	0	0	0	0	0	0	0	0	0	0	0	0	0	0	0	0	0	0	0	0	0	0	0	0	0	0	0	0	0	0	0	0	0	0	0	0	0	0	0	0	0	0	0	0	0	0	0	0	0	0	0	0	0	0	0	0	0	0	0	0	0	0	0	0	0	0	0	0	0	0	0	0	0	0	0	0	0	0	0	0	0	0	0	0	0	0	0	0	0	0	0	0	0	0	0	0	0	0	0	0	0	0	0	0	0	0	0	0	0	0	0	0	0	0	0	0	0	0	0	0	0	0	0	0	0	0	0	0	0	0	0	0	0	0	0	0	0	0	0	0	0	0
0	0	0	0	0	0	0	0	0	0	354	408	465	524	585	649	714	779	845	911	978	1046	1114	1182	1250	1317	1382	0	0	0	0	0	0	0	0	0	0	0	0	0	0	0	0	0	0	0	0	0	0	0	0	0	0	0	0	0	0	0	0	0	0	0	0	0	0	0	0	0	0	0	0	0	0	0	0	0	0	0	0	0	0	0	0	0	0	0	0	0	0	0	0	0	0	0	0	0	0	0	0	0	0	0	0	0	0	0	0	0	0	0	0	0	0	0	0	0	0	0	0	0	0	0	0	0	0	0	0	0	0	0	0	0	0	0	0	0	0	0	0	0	0	0	0	0	0	0	0	0	0	0	0	0	0	0	0	0	0	0	0	0	0	0	0	0	0	0	0	0	0	0	0	0	0	0	0	0	0	0	0	0	0	0	0	0	0	0	0	0	0	0	0	0	0	0	0	0	0	0	0	0	0	0	0	0	0	0	0	0	0	0	0	0	0
0	0	0	0	0	0	0	0	0	0	0	409	466	525	586	650	715	780	846	912	979	1047	1115	1183	1251	1318	1383	0	0	0	0	0	0	0	0	0	0	0	0	0	0	0	0	0	0	0	0	0	0	0	0	0	0	0	0	0	0	0	0	0	0	0	0	0	0	0	0	0	0	0	0	0	0	0	0	0	0	0	0	0	0	0	0	0	0	0	0	0	0	0	0	0	0	0	0	0	0	0	0	0	0	0	0	0	0	0	0	0	0	0	0	0	0	0	0	0	0	0	0	0	0	0	0	0	0	0	0	0	0	0	0	0	0	0	0	0	0	0	0	0	0	0	0	0	0	0	0	0	0	0	0	0	0	0	0	0	0	0	0	0	0	0	0	0	0	0	0	0	0	0	0	0	0	0	0	0	0	0	0	0	0	0	0	0	0	0	0	0	0	0	0	0	0	0	0	0	0	0	0	0	0	0	0	0	0	0	0	0	0	0	0	0	0
0	0	0	0	0	0	0	0	0	0	0	410	467	526	587	651	716	781	847	913	980	1048	1116	1184	1252	1319	0	0	0	0	0	0	0	0	0	0	0	0	0	0	0	0	0	0	0	0	0	0	0	0	0	0	0	0	0	0	0	0	0	0	0	0	0	0	0	0	0	0	0	0	0	0	0	0	0	0	0	0	0	0	0	0	0	0	0	0	0	0	0	0	0	0	0	0	0	0	0	0	0	0	0	0	0	0	0	0	0	0	0	0	0	0	0	0	0	0	0	0	0	0	0	0	0	0	0	0	0	0	0	0	0	0	0	0	0	0	0	0	0	0	0	0	0	0	0	0	0	0	0	0	0	0	0	0	0	0	0	0	0	0	0	0	0	0	0	0	0	0	0	0	0	0	0	0	0	0	0	0	0	0	0	0	0	0	0	0	0	0	0	0	0	0	0	0	0	0	0	0	0	0	0	0	0	0	0	0	0	0	0	0	0	0	0
0	0	0	0	0	0	0	0	0	0	0	0	468	527	588	652	717	782	848	914	981	1049	1117	1185	1253	0	0	0	0	0	0	0	0	0	0	0	0	0	0	0	0	0	0	0	0	0	0	0	0	0	0	0	0	0	0	0	0	0	0	0	0	0	0	0	0	0	0	0	0	0	0	0	0	0	0	0	0	0	0	0	0	0	0	0	0	0	0	0	0	0	0	0	0	0	0	0	0	0	0	0	0	0	0	0	0	0	0	0	0	0	0	0	0	0	0	0	0	0	0	0	0	0	0	0	0	0	0	0	0	0	0	0	0	0	0	0	0	0	0	0	0	0	0	0	0	0	0	0	0	0	0	0	0	0	0	0	0	0	0	0	0	0	0	0	0	0	0	0	0	0	0	0	0	0	0	0	0	0	0	0	0	0	0	0	0	0	0	0	0	0	0	0	0	0	0	0	0	0	0	0	0	0	0	0	0	0	0	0	0	0	0	0	0
0	0	0	0	0	0	0	0	0	0	0	0	0	528	589	653	718	783	849	915	982	1050	1118	0	0	0	0	0	0	0	0	0	0	0	0	0	0	0	0	0	0	0	0	0	0	0	0	0	0	0	0	0	0	0	0	0	0	0	0	0	0	0	0	0	0	0	0	0	0	0	0	0	0	0	0	0	0	0	0	0	0	0	0	0	0	0	0	0	0	0	0	0	0	0	0	0	0	0	0	0	0	0	0	0	0	0	0	0	0	0	0	0	0	0	0	0	0	0	0	0	0	0	0	0	0	0	0	0	0	0	0	0	0	0	0	0	0	0	0	0	0	0	0	0	0	0	0	0	0	0	0	0	0	0	0	0	0	0	0	0	0	0	0	0	0	0	0	0	0	0	0	0	0	0	0	0	0	0	0	0	0	0	0	0	0	0	0	0	0	0	0	0	0	0	0	0	0	0	0	0	0	0	0	0	0	0	0	0	0	0	0	0	0
0	0	0	0	0	0	0	0	0	0	0	0	0	0	590	654	719	784	850	916	983	0	0	0	0	0	0	0	0	0	0	0	0	0	0	0	0	0	0	0	0	0	0	0	0	0	0	0	0	0	0	0	0	0	0	0	0	0	0	0	0	0	0	0	0	0	0	0	0	0	0	0	0	0	0	0	0	0	0	0	0	0	0	0	0	0	0	0	0	0	0	0	0	0	0	0	0	0	0	0	0	0	0	0	0	0	0	0	0	0	0	0	0	0	0	0	0	0	0	0	0	0	0	0	0	0	0	0	0	0	0	0	0	0	0	0	0	0	0	0	0	0	0	0	0	0	0	0	0	0	0	0	0	0	0	0	0	0	0	0	0	0	0	0	0	0	0	0	0	0	0	0	0	0	0	0	0	0	0	0	0	0	0	0	0	0	0	0	0	0	0	0	0	0	0	0	0	0	0	0	0	0	0	0	0	0	0	0	0	0	0	0	0
0	0	0	0	0	0	0	0	0	0	0	0	0	0	591	655	720	785	0	0	0	0	0	0	0	0	0	0	0	0	0	0	0	0	0	0	0	0	0	0	0	0	0	0	0	0	0	0	0	0	0	0	0	0	0	0	0	0	0	0	0	0	0	0	0	0	0	0	0	0	0	0	0	0	0	0	0	0	0	0	0	0	0	0	0	0	0	0	0	0	0	0	0	0	0	0	0	0	0	0	0	0	0	0	0	0	0	0	0	0	0	0	0	0	0	0	0	0	0	0	0	0	0	0	0	0	0	0	0	0	0	0	0	0	0	0	0	0	0	0	0	0	0	0	0	0	0	0	0	0	0	0	0	0	0	0	0	0	0	0	0	0	0	0	0	0	0	0	0	0	0	0	0	0	0	0	0	0	0	0	0	0	0	0	0	0	0	0	0	0	0	0	0	0	0	0	0	0	0	0	0	0	0	0	0	0	0	0	0	0	0	0	0
0	0	0	0	0	0	0	0	0	0	0	0	0	0	0	0	0	0	0	0	0	0	0	0	0	0	0	0	0	0	0	0	0	0	0	0	0	0	0	0	0	0	0	0	0	0	0	0	0	0	0	0	0	0	0	0	0	0	0	0	0	0	0	0	0	0	0	0	0	0	0	0	0	0	0	0	0	0	0	0	0	0	0	0	0	0	0	0	0	0	0	0	0	0	0	0	0	0	0	0	0	0	0	0	0	0	0	0	0	0	0	0	0	0	0	0	0	0	0	0	0	0	0	0	0	0	0	0	0	0	0	0	0	0	0	0	0	0	0	0	0	0	0	0	0	0	0	0	0	0	0	0	0	0	0	0	0	0	0	0	0	0	0	0	0	0	0	0	0	0	0	0	0	0	0	0	0	0	0	0	0	0	0	0	0	0	0	0	0	0	0	0	0	0	0	0	0	0	0	0	0	0	0	0	0	0	0	0	0	0	0	0	0
